 src.smd.smd.t   src.smd.smd.force_x src.smd.smd.force_y src.smd.smd.force_z src.smd.smd.total_force src.smd.smd.spring_length  src.smd.smd.d   src.smd.smd.work
       0               0.00050             0.00000             0.00000               0.00050                  2.99999              3.00000        5.00000e-09   
      1000             4.13573            -2.13900            -2.14892               4.13573                  2.98999              3.07330          -0.00556    
      2000            -2.28561             0.67227             0.67539              -2.28561                  2.97999              2.93434          -0.00713    
      3000            -2.58838             0.48048             0.48271              -2.58838                  2.96999              2.91825        -8.59829e-04  
      4000             4.05105             0.34787             0.34949               4.05105                  2.95999              3.04103          -0.00258    
      5000             0.52600             0.07677             0.07713               0.52600                  2.94999              2.96051          -0.00799    
      6000            -1.78030            -1.15569            -1.16105              -1.78030                  2.93999              2.90457          0.00065     
      7000            -4.49477            -2.96592            -2.97967              -4.49477                  2.92999              2.84134          -0.00869    
      8000             3.56485             2.16666             2.17670               3.56485                  2.91999              2.99192          -0.00750    
      9000             1.91334             0.28339             0.28471               1.91334                  2.90999              2.94827          -0.00557    
     10000             1.49832            -0.43792            -0.43995               1.49832                  2.89999              2.92998          -0.01076    
     11000             3.49746            -1.36112            -1.36743               3.49746                  2.88999              2.96019        -4.39682e-04  
     12000            -3.60684             1.89417             1.90295              -3.60684                  2.87999              2.80837          -0.00713    
     13000            -0.45133             0.20829             0.20925              -0.45133                  2.86999              2.86097          -0.00101    
     14000             5.16587            -0.75236            -0.75585               5.16587                  2.85999              2.96338          -0.00709    
     15000            -2.02108            -0.09313            -0.09356              -2.02108                  2.84999              2.80957          -0.00860    
     16000             1.61230             0.73990             0.74333               1.61230                  2.83999              2.87231          -0.00755    
     17000             0.40614             0.41466             0.41658               0.40614                  2.82999              2.83814          -0.00474    
     18000            -1.94490            -2.26999            -2.28051              -1.94490                  2.81999              2.78184          -0.00588    
     19000             1.46417             1.24335             1.24911               1.46417                  2.80999              2.83949          -0.00679    
     20000             0.30471             0.06951             0.06984               0.30471                  2.79999              2.80608          -0.00487    
     21000            -3.14062             0.29274             0.29409              -3.14062                  2.78999              2.72719          -0.00521    
     22000            -1.99900             1.85049             1.85907              -1.99900                  2.77999              2.74051          -0.00738    
     23000            -1.08120             2.75239             2.76515              -1.08120                  2.76999              2.74947          -0.00739    
     24000            -3.50586            -1.00125            -1.00590              -3.50586                  2.75999              2.69002          -0.00746    
     25000             1.91382            -1.20095            -1.20652               1.91382                  2.74999              2.78847          -0.00839    
     26000             0.13671            -0.26461            -0.26584               0.13671                  2.73999              2.74273          -0.00859    
     27000             0.78688             0.89509             0.89924               0.78688                  2.72999              2.74584          -0.00657    
     28000            -3.05910            -1.08871            -1.09375              -3.05910                  2.71999              2.65899          -0.00704    
     29000            -3.19749             0.54273             0.54524              -3.19749                  2.70999              2.64608          -0.00914    
     30000            -3.83419             2.74613             2.75886              -3.83419                  2.69999              2.62446          -0.00856    
     31000             3.57362            -3.94460            -3.96289               3.57362                  2.68999              2.76373          -0.00862    
     32000            -0.10084             0.13933             0.13998              -0.10084                  2.67999              2.67798          -0.00990    
     33000            -4.03685             0.63181             0.63473              -4.03685                  2.66999              2.58932          -0.00901    
     34000            -1.65111             0.34208             0.34367              -1.65111                  2.65999              2.62699          -0.01348    
     35000             1.55282            -0.50221            -0.50454               1.55282                  2.64999              2.68108          -0.01160    
     36000            -2.75192             1.13150             1.13675              -2.75192                  2.63999              2.58515          -0.00935    
     37000             2.40080            -0.34716            -0.34877               2.40080                  2.62999              2.67802          -0.00935    
     38000             1.09641             0.14113             0.14178               1.09641                  2.61999              2.64192          -0.01044    
     39000            -1.50476             0.39925             0.40111              -1.50476                  2.60999              2.57992          -0.00948    
     40000            -0.37324             0.07724             0.07760              -0.37324                  2.59999              2.59253          -0.00380    
     41000             0.06601            -0.02771            -0.02784               0.06601                  2.58999              2.59131          -0.01704    
     42000             5.50098             0.50616             0.50850               5.50098                  2.57999              2.69005          -0.00670    
     43000            -6.20494            -1.30754            -1.31360              -6.20494                  2.56999              2.44617          -0.01432    
     44000             3.34129             0.88474             0.88884               3.34129                  2.55999              2.62694          -0.01059    
     45000            -1.22578            -0.72261            -0.72596              -1.22578                  2.54999              2.52556          -0.01342    
     46000             2.96876             1.97255             1.98170               2.96876                  2.53999              2.59997          -0.01247    
     47000            -2.80936            -1.23049            -1.23620              -2.80936                  2.52999              2.47405          -0.01793    
     48000             3.20412             0.59129             0.59403               3.20412                  2.51999              2.58413          -0.00706    
     49000            -7.99718             1.28264             1.28858              -7.99718                  2.50999              2.35033          -0.01421    
     50000             3.31604            -1.17881            -1.18427               3.31604                  2.49999              2.56653          -0.01901    
     51000             2.27329            -2.08504            -2.09471               2.27329                  2.48999              2.53614          -0.01052    
     52000            -4.03915             2.52365             2.53535              -4.03915                  2.47999              2.40027          -0.01144    
     53000             4.95974            -1.34400            -1.35023               4.95974                  2.46999              2.56947          -0.01817    
     54000             0.26505             0.06539             0.06569               0.26505                  2.45999              2.46529          -0.00754    
     55000            -0.53823            -0.24006            -0.24117              -0.53823                  2.44999              2.43923          -0.02120    
     56000             4.33868             4.14994             4.16918               4.33868                  2.43999              2.52950          -0.01517    
     57000            -0.16084            -0.15031            -0.15101              -0.16084                  2.42999              2.42678          -0.01094    
     58000            -4.52887            -2.02865            -2.03806              -4.52887                  2.41999              2.33012          -0.00902    
     59000            -8.81172             0.68274             0.68591              -8.81172                  2.40999              2.23384          -0.01350    
     60000            -5.89202             3.44597             3.46195              -5.89202                  2.39999              2.28424          -0.02284    
     61000            -2.36956             1.64206             1.64967              -2.36956                  2.38999              2.34306          -0.02594    
     62000             0.33067            -0.21930            -0.22032               0.33067                  2.37999              2.38661          -0.02912    
     63000             5.39225            -0.26225            -0.26346               5.39225                  2.36999              2.47785          -0.02681    
     64000             5.77168             3.02617             3.04020               5.77168                  2.35999              2.47691          -0.01795    
     65000            -0.59858            -0.46025            -0.46238              -0.59858                  2.34999              2.33805          -0.01436    
     66000            -6.13326            -3.18069            -3.19544              -6.13326                  2.33999              2.21916          -0.02103    
     67000            -3.45485             0.19414             0.19504              -3.45485                  2.32999              2.26090          -0.03196    
     68000             4.58657            -1.71413            -1.72208               4.58657                  2.31999              2.41221          -0.02799    
     69000             0.62075            -0.42046            -0.42241               0.62075                  2.30999              2.32244          -0.01789    
     70000            -5.69565             0.91899             0.92325              -5.69565                  2.29999              2.18623          -0.02938    
     71000             2.45827             0.22411             0.22515               2.45827                  2.28999              2.33916          -0.03526    
     72000             4.83367             2.30110             2.31177               4.83367                  2.27999              2.37756          -0.02456    
     73000             0.66446             0.12475             0.12532               0.66446                  2.26999              2.28328          -0.02990    
     74000             0.65523             0.00651             0.00654               0.65523                  2.25999              2.27309          -0.03157    
     75000            -1.05535             0.24142             0.24254              -1.05535                  2.24999              2.22889          -0.03227    
     76000            -0.94362             0.14836             0.14905              -0.94362                  2.23999              2.22112          -0.03226    
     77000            -2.07902            -0.04202            -0.04221              -2.07902                  2.22999              2.18841          -0.03395    
     78000            -0.39379             1.62864             1.63619              -0.39379                  2.21999              2.21260          -0.03166    
     79000             0.24671            -1.66421            -1.67192               0.24671                  2.20999              2.21543          -0.03256    
     80000            -0.48340            -0.21633            -0.21733              -0.48340                  2.19999              2.19033          -0.03521    
     81000             2.64380             0.08268             0.08307               2.64380                  2.18999              2.24287          -0.03445    
     82000             0.06454            -0.17198            -0.17278               0.06454                  2.17999              2.18129          -0.03477    
     83000             0.29932             0.46051             0.46264               0.29932                  2.16999              2.17602          -0.03460    
     84000             3.62936             1.47362             1.48045               3.62936                  2.15999              2.23297          -0.03883    
     85000             2.08011            -1.00506            -1.00972               2.08011                  2.14999              2.19178          -0.04054    
     86000            -0.73016            -0.15736            -0.15809              -0.73016                  2.13999              2.12539          -0.04094    
     87000             0.00590             1.15256             1.15790               0.00590                  2.12999              2.13036          -0.04141    
     88000             4.74211            -0.68398            -0.68715               4.74211                  2.11999              2.21492          -0.04313    
     89000            -0.31457            -0.27569            -0.27697              -0.31457                  2.10999              2.10371          -0.04376    
     90000             1.99335            -0.87792            -0.88199               1.99335                  2.09999              2.14000          -0.04541    
     91000            -0.19135             0.48338             0.48562              -0.19135                  2.08999              2.08621          -0.04666    
     92000             2.30032             0.05598             0.05623               2.30032                  2.07999              2.12600          -0.05106    
     93000             0.86605            -2.25983            -2.27031               0.86605                  2.06999              2.08829          -0.04921    
     94000             0.95774             1.02612             1.03088               0.95774                  2.05999              2.07935          -0.05167    
     95000            -0.28218            -0.47042            -0.47260              -0.28218                  2.04999              2.04439          -0.05146    
     96000            -0.72793             0.67001             0.67311              -0.72793                  2.03999              2.02552          -0.05467    
     97000             1.70986            -0.70007            -0.70331               1.70986                  2.02999              2.06428          -0.05424    
     98000            -0.37605            -0.01982            -0.01991              -0.37605                  2.01999              2.01247          -0.05872    
     99000            -0.34835             0.25322             0.25439              -0.34835                  2.00999              2.00304          -0.06168    
     100000            0.10622             0.11067             0.11118               0.10622                  1.99999              2.00212          -0.06020    
     101000           -4.10988             0.15969             0.16043              -4.10988                  1.98999              1.90780          -0.06180    
     102000           -2.73636             2.50457             2.51618              -2.73636                  1.97999              1.92657          -0.06399    
     103000           -2.20802             1.80575             1.81412              -2.20802                  1.96999              1.92651          -0.06577    
     104000           -0.83414             0.08573             0.08613              -0.83414                  1.95999              1.94331          -0.06503    
     105000            2.79260             3.57610             3.59268               2.79260                  1.94999              2.00840          -0.07077    
     106000           -2.99948            -4.43113            -4.45168              -2.99948                  1.93999              1.88419          -0.07251    
     107000            3.96745             0.61873             0.62160               3.96745                  1.92999              2.00942          -0.08031    
     108000            0.49947            -1.11471            -1.11988               0.49947                  1.91999              1.93024          -0.07342    
     109000           -3.38922             4.48636             4.50716              -3.38922                  1.90999              1.84659          -0.08141    
     110000            3.28370            -1.49901            -1.50596               3.28370                  1.89999              1.96612          -0.08698    
     111000           -0.16890             0.25127             0.25244              -0.16890                  1.88999              1.88663          -0.07931    
     112000           -3.12588            -3.61128            -3.62803              -3.12588                  1.87999              1.82035          -0.09020    
     113000            4.71909             1.90686             1.91570               4.71909                  1.86999              1.96512          -0.09441    
     114000           -1.26862             0.48522             0.48747              -1.26862                  1.85999              1.83467          -0.08852    
     115000           -2.52558             2.46158             2.47299              -2.52558                  1.84999              1.80083          -0.10008    
     116000            6.16769            -0.83995            -0.84385               6.16769                  1.83999              1.96349          -0.10331    
     117000           -1.32679            -1.05409            -1.05897              -1.32679                  1.82999              1.80370          -0.10064    
     118000           -4.13844            -2.04480            -2.05428              -4.13844                  1.81999              1.73819          -0.11210    
     119000            4.47329            -1.47167            -1.47849               4.47329                  1.80999              1.89991          -0.11579    
     120000            2.19922            -3.61925            -3.63603               2.19922                  1.79999              1.84683          -0.11187    
     121000           -3.54451             0.56177             0.56438              -3.54451                  1.78999              1.71917          -0.11054    
     122000           -2.88900            -3.76150            -3.77894              -2.88900                  1.77999              1.72551          -0.12471    
     123000            0.48239             0.96923             0.97373               0.48239                  1.76999              1.77985          -0.13331    
     124000            6.19287            -3.40609            -3.42188               6.19287                  1.75999              1.88632          -0.13101    
     125000            0.09810            -2.24341            -2.25381               0.09810                  1.74999              1.75311          -0.13454    
     126000           -4.69251             2.53546             2.54721              -4.69251                  1.73999              1.64771          -0.13644    
     127000           -1.75788            -1.51062            -1.51762              -1.75788                  1.72999              1.69537          -0.15055    
     128000            1.56838             3.25431             3.26940               1.56838                  1.71999              1.75379          -0.15453    
     129000            5.53265            -2.03713            -2.04658               5.53265                  1.70999              1.82156          -0.15196    
     130000           -0.53818             0.01079             0.01084              -0.53818                  1.69999              1.68923          -0.15958    
     131000           -8.24986             1.08060             1.08561              -8.24986                  1.68999              1.52530          -0.16604    
     132000           -1.14357            -0.76574            -0.76929              -1.14357                  1.67999              1.65726          -0.17839    
     133000            6.16795             1.36277             1.36908               6.16795                  1.66999              1.79377          -0.18318    
     134000            0.60052            -2.20788            -2.21812               0.60052                  1.65999              1.67317          -0.18346    
     135000           -5.19740             0.68423             0.68740              -5.19740                  1.64999              1.54616          -0.18704    
     136000           -4.09008            -2.89814            -2.91157              -4.09008                  1.63999              1.56035          -0.20491    
     137000            3.31115            -0.79221            -0.79588               3.31115                  1.62999              1.69636          -0.21479    
     138000            3.20848            -1.24863            -1.25442               3.20848                  1.61999              1.68453          -0.21094    
     139000           -5.03246            -3.21862            -3.23354              -5.03246                  1.60999              1.51210          -0.22189    
     140000           -2.34140             0.59816             0.60094              -2.34140                  1.59999              1.55325          -0.24136    
     141000            5.42942            -0.82159            -0.82539               5.42942                  1.58999              1.69874          -0.24124    
     142000           -4.79270            -2.48954            -2.50108              -4.79270                  1.57999              1.48581          -0.24897    
     143000            0.23855            -0.56004            -0.56264               0.23855                  1.56999              1.57484          -0.26749    
     144000            2.68209             1.61543             1.62292               2.68209                  1.55999              1.61428          -0.26633    
     145000           -6.93047             1.23030             1.23601              -6.93047                  1.54999              1.41181          -0.27981    
     146000            2.45842             0.52083             0.52325               2.45842                  1.53999              1.58923          -0.29920    
     147000           -5.29453             0.95344             0.95786              -5.29453                  1.52999              1.42436          -0.30251    
     148000            2.25194             0.96506             0.96953               2.25194                  1.51999              1.56527          -0.31372    
     149000            0.46555            -0.19690            -0.19781               0.46555                  1.50999              1.51931          -0.33387    
     150000           -7.12653            -0.98130            -0.98585              -7.12653                  1.49999              1.35774          -0.34268    
     151000           -0.24589            -0.28350            -0.28481              -0.24589                  1.48999              1.48509          -0.35124    
     152000            2.51678             0.66376             0.66684               2.51678                  1.47999              1.53044          -0.37223    
     153000           -5.22739             0.68037             0.68352              -5.22739                  1.46999              1.36558          -0.38728    
     154000           -2.63361            -0.36265            -0.36433              -2.63361                  1.45999              1.40736          -0.39476    
     155000            4.20034            -0.89891            -0.90308               4.20034                  1.44999              1.53421          -0.41448    
     156000           -2.93011             0.04722             0.04744              -2.93011                  1.43999              1.38139          -0.43491    
     157000           -4.77538            -0.26768            -0.26892              -4.77538                  1.42999              1.33450          -0.44939    
     158000           -6.33559             0.78385             0.78749              -6.33559                  1.41999              1.29347          -0.46595    
     159000           -6.45284            -0.98251            -0.98707              -6.45284                  1.40999              1.28124          -0.48279    
     160000           -4.77804             1.44982             1.45654              -4.77804                  1.39999              1.30508          -0.50003    
     161000           -2.60380            -0.47408            -0.47628              -2.60380                  1.38999              1.33798          -0.51861    
     162000           -2.53477             0.34873             0.35035              -2.53477                  1.37999              1.32933          -0.53769    
     163000           -1.82294            -0.10384            -0.10433              -1.82294                  1.36999              1.33353          -0.55752    
     164000           -0.96394            -0.16077            -0.16152              -0.96394                  1.35999              1.34072          -0.57818    
     165000            3.38495             0.25068             0.25185               3.38495                  1.34999              1.41771          -0.60303    
     166000           -3.52238             0.02420             0.02431              -3.52238                  1.33999              1.26954          -0.62767    
     167000           -3.45533             0.21482             0.21581              -3.45533                  1.32999              1.26090          -0.64025    
     168000           -1.78219             0.05401             0.05426              -1.78219                  1.31999              1.28435          -0.67080    
     169000            2.79412            -0.87234            -0.87638               2.79412                  1.30999              1.36610          -0.67813    
     170000           -6.50870             1.51302             1.52004              -6.50870                  1.29999              1.17060          -0.70637    
     171000            3.08555            -0.19261            -0.19350               3.08555                  1.28999              1.35171          -0.72020    
     172000           -6.40683            -0.86506            -0.86907              -6.40683                  1.27999              1.15211          -0.74365    
     173000           -2.80324             0.15441             0.15512              -2.80324                  1.26999              1.21393          -0.76354    
     174000           -5.35541             1.77785             1.78609              -5.35541                  1.25999              1.15398          -0.78465    
     175000            1.51525             2.69937             2.71189               1.51525                  1.24999              1.28258          -0.80621    
     176000           -4.01845             1.09578             1.10086              -4.01845                  1.23999              1.16004          -0.82499    
     177000           -1.01765             0.45537             0.45748              -1.01765                  1.22999              1.20971          -0.84919    
     178000           -2.52147             0.42839             0.43037              -2.52147                  1.21999              1.16962          -0.86830    
     179000            1.27153            -1.98038            -1.98956               1.27153                  1.20999              1.23670          -0.88382    
     180000           -2.22867             0.10894             0.10944              -2.22867                  1.19999              1.15542          -0.89961    
     181000            0.35459             1.70580             1.71371               0.35459                  1.18999              1.19806          -0.91914    
     182000           -3.49624            -1.92722            -1.93616              -3.49624                  1.17999              1.11141          -0.93115    
     183000           -3.02486            -2.30197            -2.31264              -3.02486                  1.16999              1.11141          -0.94167    
     184000           -0.57078            -2.65384            -2.66614              -0.57078                  1.15999              1.15104          -0.95028    
     185000            0.61340             1.10673             1.11186               0.61340                  1.14999              1.16268          -0.95606    
     186000           -0.20315             2.45391             2.46529              -0.20315                  1.13999              1.13806          -0.96188    
     187000           -3.03416            -2.14545            -2.15540              -3.03416                  1.12999              1.07104          -0.96622    
     188000            1.27679             0.91148             0.91570               1.27679                  1.11999              1.14582          -0.95906    
     189000            0.76943            -0.26725            -0.26849               0.76943                  1.10999              1.12540          -0.96175    
     190000           -2.88958             5.01924             5.04251              -2.88958                  1.09999              1.05187          -0.96286    
     191000            1.04188             0.83385             0.83772               1.04188                  1.08999              1.11108          -0.95926    
     192000            0.92478            -4.14226            -4.16146               0.92478                  1.07999              1.10474          -0.95303    
     193000            0.72466             3.80647             3.82411               0.72466                  1.06999              1.08984          -0.94348    
     194000            2.15342            -3.48893            -3.50511               2.15342                  1.05999              1.10748          -0.92551    
     195000            1.89094            -3.13176            -3.14628               1.89094                  1.04999              1.09143          -0.90769    
     196000            3.29776             4.10933             4.12839               3.29776                  1.03999              1.11206          -0.88762    
     197000            3.08094            -0.30912            -0.31055               3.08094                  1.02999              1.09164          -0.86085    
     198000            0.88909            -3.65252            -3.66946               0.88909                  1.01999              1.04292          -0.82948    
     199000            5.65583             3.38340             3.39908               5.65583                  1.00999              1.12720          -0.79348    
     200000            3.33338            -2.53426            -2.54601               3.33338                  0.99999              1.06907          -0.75800    
     201000            2.87465            -0.32789            -0.32941               2.87465                  0.99999              1.05752          -0.75800    
     202000            4.81089             4.54850             4.56959               4.81089                  0.99999              1.10377          -0.75800    
     203000            4.78029            -3.36354            -3.37913               4.78029                  0.99999              1.09974          -0.75800    
     204000            4.00191             0.28717             0.28850               4.00191                  0.99999              1.08006          -0.75800    
     205000            3.73236             0.34667             0.34827               3.73236                  0.99999              1.07468          -0.75800    
     206000            3.18166            -3.82538            -3.84312               3.18166                  0.99999              1.06914          -0.75800    
     207000            1.85815             4.17079             4.19013               1.85815                  0.99999              1.04387          -0.75800    
     208000            3.76780            -2.79957            -2.81255               3.76780                  0.99999              1.07827          -0.75800    
     209000            4.26805            -0.98318            -0.98774               4.26805                  0.99999              1.08571          -0.75800    
     210000            4.49492             2.46866             2.48011               4.49492                  0.99999              1.09213          -0.75800    
     211000            2.39419            -4.65872            -4.68032               2.39419                  0.99999              1.05616          -0.75800    
     212000            2.28298             4.58013             4.60136               2.28298                  0.99999              1.05368          -0.75800    
     213000            3.93765            -1.82437            -1.83283               3.93765                  0.99999              1.07998          -0.75800    
     214000            3.74528            -1.47334            -1.48017               3.74528                  0.99999              1.07571          -0.75800    
     215000            4.38519             5.53772             5.56340               4.38519                  0.99999              1.09897          -0.75800    
     216000            4.90464            -3.52573            -3.54207               4.90464                  0.99999              1.10262          -0.75800    
     217000            4.10932             1.18564             1.19114               4.10932                  0.99999              1.08270          -0.75800    
     218000            4.14149             0.19079             0.19167               4.14149                  0.99999              1.08283          -0.75800    
     219000            3.80338            -2.14317            -2.15311               3.80338                  0.99999              1.07777          -0.75800    
     220000            3.67936             3.91624             3.93440               3.67936                  0.99999              1.07930          -0.75800    
     221000            4.90881            -4.42267            -4.44318               4.90881                  0.99999              1.10530          -0.75800    
     222000            3.84117             2.67692             2.68933               3.84117                  0.99999              1.07948          -0.75800    
     223000            3.75491             1.20871             1.21432               3.75491                  0.99999              1.07563          -0.75800    
     224000            2.58986            -3.09386            -3.10820               2.58986                  0.99999              1.05544          -0.75800    
     225000            1.86857             4.88057             4.90319               1.86857                  0.99999              1.04655          -0.75800    
     226000            4.19111            -2.01858            -2.02794               4.19111                  0.99999              1.08532          -0.75800    
     227000            4.20842             1.40183             1.40833               4.20842                  0.99999              1.08489          -0.75800    
     228000            3.42453            -0.31666            -0.31813               3.42453                  0.99999              1.06852          -0.75800    
     229000            4.37544            -0.39268            -0.39450               4.37544                  0.99999              1.08756          -0.75800    
     230000            3.66051             0.46775             0.46992               3.66051                  0.99999              1.07328          -0.75800    
     231000            4.39132            -0.85742            -0.86140               4.39132                  0.99999              1.08809          -0.75800    
     232000            3.78800             0.71347             0.71678               3.78800                  0.99999              1.07594          -0.75800    
     233000            4.14235            -0.40693            -0.40882               4.14235                  0.99999              1.08290          -0.75800    
     234000            3.74892             0.00710             0.00713               3.74892                  0.99999              1.07497          -0.75800    
     235000            4.35503             0.06458             0.06488               4.35503                  0.99999              1.08709          -0.75800    
     236000            3.65282            -0.92274            -0.92701               3.65282                  0.99999              1.07337          -0.75800    
     237000            4.00520             1.38866             1.39510               4.00520                  0.99999              1.08081          -0.75800    
     238000            3.77452            -1.86171            -1.87034               3.77452                  0.99999              1.07677          -0.75800    
     239000            3.92908             2.26487             2.27537               3.92908                  0.99999              1.08048          -0.75800    
     240000            3.81511            -2.41842            -2.42964               3.81511                  0.99999              1.07847          -0.75800    
     241000            3.65457             2.46926             2.48071               3.65457                  0.99999              1.07536          -0.75800    
     242000            4.04867            -2.56442            -2.57631               4.04867                  0.99999              1.08341          -0.75800    
     243000            3.33790             2.66373             2.67608               3.33790                  0.99999              1.06942          -0.75800    
     244000            4.56704            -3.61495            -3.63171               4.56704                  0.99999              1.09613          -0.75800    
     245000            2.69113             4.22748             4.24708               2.69113                  0.99999              1.06061          -0.75800    
     246000            4.06929            -4.71625            -4.73812               4.06929                  0.99999              1.08961          -0.75800    
     247000            2.52255             4.54180             4.56285               2.52255                  0.99999              1.05830          -0.75800    
     248000            4.46242            -4.58285            -4.60410               4.46242                  0.99999              1.09696          -0.75800    
     249000            2.86901             4.17858             4.19795               2.86901                  0.99999              1.06399          -0.75800    
     250000            4.52955            -3.78881            -3.80638               4.52955                  0.99999              1.09586          -0.75800    
     251000            3.04166             2.99345             3.00733               3.04166                  1.00999              1.07418          -0.72165    
     252000            2.84122            -2.36268            -2.37363               2.84122                  1.01999              1.07890          -0.68987    
     253000            3.04849             1.75228             1.76040               3.04849                  1.02999              1.09209          -0.66130    
     254000            2.75830            -1.35380            -1.36007               2.75830                  1.03999              1.09583          -0.63623    
     255000            2.28450             1.43513             1.44179               2.28450                  1.04999              1.09644          -0.61486    
     256000            1.90898            -1.39102            -1.39747               1.90898                  1.05999              1.09888          -0.59698    
     257000            1.60673             1.25978             1.26562               1.60673                  1.06999              1.10270          -0.58246    
     258000            1.51486            -1.39944            -1.40593               1.51486                  1.07999              1.11100          -0.57191    
     259000           -0.53973             3.24087             3.25590              -0.53973                  1.08999              1.08310          -0.56384    
     260000            0.67067             0.13699             0.13762               0.67067                  1.09999              1.11341          -0.55992    
     261000           -2.16626            -2.81339            -2.82644              -2.16626                  1.10999              1.06964          -0.54880    
     262000           -1.16650             1.76594             1.77413              -1.16650                  1.11999              1.09780          -0.54791    
     263000            0.44117             1.79552             1.80385               0.44117                  1.12999              1.13995          -0.54473    
     264000            0.84007            -0.09540            -0.09585               0.84007                  1.13999              1.15679          -0.54497    
     265000            1.30390            -3.09981            -3.11418               1.30390                  1.14999              1.17935          -0.55089    
     266000           -1.87295            -0.52654            -0.52898              -1.87295                  1.15999              1.12263          -0.55745    
     267000            1.52571             2.28546             2.29606               1.52571                  1.16999              1.20225          -0.56246    
     268000            0.31717             2.18967             2.19983               0.31717                  1.17999              1.18796          -0.57562    
     269000           -3.40977             1.19357             1.19910              -3.40977                  1.18999              1.12230          -0.58568    
     270000           -1.80029             1.22470             1.23038              -1.80029                  1.19999              1.16450          -0.60028    
     271000            0.51283             1.17496             1.18041               0.51283                  1.20999              1.22070          -0.61875    
     272000           -5.11609             1.23896             1.24470              -5.11609                  1.21999              1.11822          -0.63361    
     273000           -3.73144            -0.99730            -1.00192              -3.73144                  1.22999              1.15571          -0.65260    
     274000            0.55805            -0.34005            -0.34163               0.55805                  1.23999              1.25119          -0.67183    
     275000           -0.06392             2.35954             2.37048              -0.06392                  1.24999              1.25050          -0.69463    
     276000           -2.03965            -1.10245            -1.10756              -2.03965                  1.25999              1.21960          -0.71753    
     277000           -2.66818             0.00461             0.00463              -2.66818                  1.26999              1.21663          -0.73804    
     278000           -0.25978             0.50483             0.50717              -0.25978                  1.27999              1.27487          -0.76084    
     279000           -5.20690             1.41827             1.42485              -5.20690                  1.28999              1.18653          -0.78486    
     280000           -1.42438            -1.34190            -1.34812              -1.42438                  1.29999              1.27207          -0.80961    
     281000           -2.05004             0.43005             0.43205              -2.05004                  1.30999              1.26905          -0.82988    
     282000           -4.36712            -0.08506            -0.08545              -4.36712                  1.31999              1.23265          -0.85528    
     283000           -2.38481             0.32903             0.33055              -2.38481                  1.32999              1.28233          -0.87670    
     284000           -1.22939             0.99352             0.99812              -1.22939                  1.33999              1.31570          -0.90037    
     285000           -2.16895             0.30722             0.30865              -2.16895                  1.34999              1.30664          -0.92260    
     286000           -1.45115            -1.07078            -1.07574              -1.45115                  1.35999              1.33131          -0.94411    
     287000           -1.85464            -0.04460            -0.04481              -1.85464                  1.36999              1.33290          -0.96567    
     288000           -1.42731             1.16695             1.17236              -1.42731                  1.37999              1.35185          -0.98575    
     289000           -1.71917             0.41971             0.42166              -1.71917                  1.38999              1.35566          -1.00593    
     290000           -3.17176             1.03449             1.03929              -3.17176                  1.39999              1.33688          -1.02473    
     291000           -0.31340             0.77707             0.78067              -0.31340                  1.40999              1.40389          -1.04401    
     292000           -5.26098            -0.48557            -0.48782              -5.26098                  1.41999              1.31484          -1.06134    
     293000           -1.00101            -0.33522            -0.33677              -1.00101                  1.42999              1.41000          -1.07965    
     294000            0.82243             0.01073             0.01078               0.82243                  1.43999              1.45644          -1.09434    
     295000           -1.38620            -0.37929            -0.38105              -1.38620                  1.44999              1.42231          -1.11277    
     296000           -1.10981             0.34836             0.34998              -1.10981                  1.45999              1.43783          -1.12730    
     297000           -1.81412             0.09396             0.09439              -1.81412                  1.46999              1.43371          -1.14037    
     298000           -4.01650            -0.46689            -0.46905              -4.01650                  1.47999              1.39972          -1.15690    
     299000           -0.02118            -0.31325            -0.31470              -0.02118                  1.48999              1.48959          -1.17309    
     300000           -1.17949             0.23006             0.23113              -1.17949                  1.49999              1.47641          -1.18681    
     301000           -2.52541             0.03572             0.03589              -2.52541                  1.50999              1.45948          -1.19916    
     302000           -5.79349            -0.94054            -0.94490              -5.79349                  1.51999              1.40437          -1.20548    
     303000            2.70986            -0.59110            -0.59384               2.70986                  1.52999              1.58428          -1.21868    
     304000            1.72951             0.72430             0.72766               1.72951                  1.53999              1.57471          -1.23211    
     305000            1.82301            -0.79747            -0.80117               1.82301                  1.54999              1.58661          -1.24386    
     306000            1.37533             1.04013             1.04495               1.37533                  1.55999              1.58777          -1.25491    
     307000            0.60357            -0.61904            -0.62191               0.60357                  1.56999              1.58216          -1.26493    
     308000            0.29940             0.04325             0.04345               0.29940                  1.57999              1.58598          -1.27465    
     309000            0.00961             0.33744             0.33900               0.00961                  1.58999              1.59021          -1.28397    
     310000           -0.45018            -0.31122            -0.31266              -0.45018                  1.59999              1.59101          -1.29274    
     311000           -0.95065            -0.09683            -0.09727              -0.95065                  1.60999              1.59098          -1.30113    
     312000           -1.58449             0.36801             0.36972              -1.58449                  1.61999              1.58833          -1.30886    
     313000           -1.70432            -0.22375            -0.22478              -1.70432                  1.62999              1.59592          -1.31628    
     314000           -7.08445            -0.49809            -0.50040              -7.08445                  1.63999              1.49837          -1.32055    
     315000            5.35395            -1.27971            -1.28564               5.35395                  1.64999              1.75744          -1.33144    
     316000           -0.54052            -0.05009            -0.05032              -0.54052                  1.65999              1.64918          -1.32797    
     317000           -5.93759             1.46434             1.47113              -5.93759                  1.66999              1.55179          -1.34820    
     318000            3.29200             1.07392             1.07890               3.29200                  1.67999              1.74610          -1.35601    
     319000            0.68167            -0.28465            -0.28597               0.68167                  1.68999              1.70364          -1.34809    
     320000           -6.96367            -0.23503            -0.23612              -6.96367                  1.69999              1.56073          -1.36426    
     321000            3.32753             0.85438             0.85834               3.32753                  1.70999              1.77671          -1.37385    
     322000            0.44756            -0.21246            -0.21345               0.44756                  1.71999              1.72895          -1.36586    
     323000           -6.27829            -1.17520            -1.18064              -6.27829                  1.72999              1.60477          -1.38271    
     324000            4.11723             0.44349             0.44554               4.11723                  1.73999              1.82238          -1.38873    
     325000            0.18745            -0.09685            -0.09730               0.18745                  1.74999              1.75374          -1.38084    
     326000           -5.46574            -1.62531            -1.63284              -5.46574                  1.75999              1.65132          -1.39764    
     327000            4.15294             0.05819             0.05846               4.15294                  1.76999              1.85305          -1.40310    
     328000           -0.33649             0.05658             0.05685              -0.33649                  1.77999              1.77326          -1.39404    
     329000           -5.54474            -1.70578            -1.71369              -5.54474                  1.78999              1.67979          -1.41031    
     330000            5.14913             0.47309             0.47528               5.14913                  1.79999              1.90302          -1.41536    
     331000           -0.66579             0.11040             0.11091              -0.66579                  1.80999              1.79668          -1.40737    
     332000           -4.76103            -0.88123            -0.88531              -4.76103                  1.81999              1.72495          -1.42397    
     333000            5.23353             1.77170             1.77991               5.23353                  1.82999              1.93531          -1.42454    
     334000           -1.48229             0.17798             0.17881              -1.48229                  1.83999              1.81035          -1.41778    
     335000           -4.44102             0.55809             0.56068              -4.44102                  1.84999              1.76124          -1.43531    
     336000            5.77634             1.71610             1.72405               5.77634                  1.85999              1.97612          -1.43329    
     337000           -1.08639            -0.12730            -0.12789              -1.08639                  1.86999              1.84827          -1.42718    
     338000           -5.46095             1.76807             1.77627              -5.46095                  1.87999              1.77148          -1.44152    
     339000            5.16358            -0.01292            -0.01298               5.16358                  1.88999              1.99326          -1.44665    
     340000           -0.48981            -0.09462            -0.09506              -0.48981                  1.89999              1.89020          -1.43628    
     341000           -5.66410             0.68132             0.68447              -5.66410                  1.90999              1.79681          -1.45114    
     342000            4.64061            -1.94226            -1.95127               4.64061                  1.91999              2.01356          -1.45454    
     343000           -0.63958             0.06773             0.06805              -0.63958                  1.92999              1.91720          -1.44459    
     344000           -3.50182            -1.76468            -1.77287              -3.50182                  1.93999              1.87062          -1.45890    
     345000            7.00923             0.36813             0.36984               7.00923                  1.94999              2.09020          -1.45953    
     346000           -2.26318             0.78903             0.79269              -2.26318                  1.95999              1.91486          -1.45440    
     347000            3.50976            -0.49010            -0.49238               3.50976                  1.96999              2.04023          -1.46459    
     348000           -4.92053            -1.33980            -1.34601              -4.92053                  1.97999              1.88196          -1.46018    
     349000            4.76272             0.61427             0.61711               4.76272                  1.98999              2.08532          -1.46976    
     350000           -4.46864             2.32326             2.33403              -4.46864                  1.99999              1.91175          -1.46604    
     351000            4.77504            -1.81068            -1.81907               4.77504                  2.00999              2.10612          -1.47110    
     352000           -0.82369            -0.66187            -0.66494              -0.82369                  2.01999              2.00360          -1.47281    
     353000            0.09803             2.41054             2.42172               0.09803                  2.02999              2.03310          -1.47259    
     354000           -2.92287             0.90164             0.90582              -2.92287                  2.03999              1.98170          -1.47757    
     355000           -0.32772             0.05819             0.05846              -0.32772                  2.04999              2.04344          -1.47114    
     356000            0.68537             1.18177             1.18725               0.68537                  2.05999              2.07397          -1.47902    
     357000           -0.98778             0.29250             0.29385              -0.98778                  2.06999              2.05025          -1.47906    
     358000            3.68230            -2.16037            -2.17039               3.68230                  2.07999              2.15451          -1.48181    
     359000           -5.89714            -1.74653            -1.75462              -5.89714                  2.08999              1.97267          -1.48347    
     360000            3.82299             2.81121             2.82424               3.82299                  2.09999              2.17791          -1.48586    
     361000           -5.73401            -1.31083            -1.31691              -5.73401                  2.10999              1.99566          -1.48255    
     362000            0.17216            -0.03281            -0.03296               0.17216                  2.11999              2.12343          -1.49371    
     363000            3.34574            -2.38877            -2.39985               3.34574                  2.12999              2.19795          -1.48315    
     364000           -5.63293             2.50407             2.51568              -5.63293                  2.13999              2.02857          -1.48701    
     365000            0.85529             0.04905             0.04928               0.85529                  2.14999              2.16710          -1.49671    
     366000            1.31211             1.00577             1.01043               1.31211                  2.15999              2.18642          -1.48550    
     367000           -2.13212            -1.90926            -1.91811              -2.13212                  2.16999              2.12804          -1.49364    
     368000           -0.18969            -0.12309            -0.12366              -0.18969                  2.17999              2.17620          -1.48934    
     369000            2.18741            -1.42784            -1.43446               2.18741                  2.18999              2.23411          -1.48988    
     370000           -1.71374             2.12270             2.13255              -1.71374                  2.19999              2.16655          -1.49725    
     371000            5.49576            -2.02397            -2.03335               5.49576                  2.20999              2.32061          -1.49351    
     372000           -5.53921             0.05814             0.05841              -5.53921                  2.21999              2.10921          -1.49135    
     373000            1.12872             0.66991             0.67302               1.12872                  2.22999              2.25264          -1.50198    
     374000            4.84291             3.12455             3.13903               4.84291                  2.23999              2.33853          -1.49379    
     375000            1.69703             0.47959             0.48182               1.69703                  2.24999              2.28397          -1.48899    
     376000           -1.85820             0.25847             0.25967              -1.85820                  2.25999              2.22284          -1.48960    
     377000           -5.14007             2.98352             2.99735              -5.14007                  2.26999              2.16884          -1.49640    
     378000           -1.15010             0.69802             0.70126              -1.15010                  2.27999              2.25707          -1.50578    
     379000           -2.17997            -0.92452            -0.92881              -2.17997                  2.28999              2.24654          -1.50262    
     380000            0.42180            -1.06658            -1.07152               0.42180                  2.29999              2.30862          -1.50326    
     381000           -0.10211            -0.14889            -0.14958              -0.10211                  2.30999              2.30795          -1.50465    
     382000           -0.57507            -1.96033            -1.96942              -0.57507                  2.31999              2.30916          -1.50468    
     383000            0.11306            -0.20333            -0.20427               0.11306                  2.32999              2.33226          -1.50675    
     384000            3.84761             0.48648             0.48874               3.84761                  2.33999              2.41698          -1.50506    
     385000           -0.07096            -0.61417            -0.61702              -0.07096                  2.34999              2.34864          -1.50654    
     386000           -3.11554             2.15908             2.16909              -3.11554                  2.35999              2.29849          -1.50844    
     387000           -5.23404            -0.19127            -0.19215              -5.23404                  2.36999              2.26532          -1.50823    
     388000            1.08946             1.00168             1.00632               1.08946                  2.37999              2.40195          -1.50573    
     389000            0.94141             2.33784             2.34868               0.94141                  2.38999              2.40973          -1.50917    
     390000            0.03722            -2.60231            -2.61437               0.03722                  2.39999              2.40187          -1.50896    
     391000            0.26251            -1.10313            -1.10825               0.26251                  2.40999              2.41544          -1.51048    
     392000           -3.52354             3.47464             3.49075              -3.52354                  2.41999              2.35158          -1.51060    
     393000            0.78825            -0.11524            -0.11577               0.78825                  2.42999              2.44576          -1.50592    
     394000            3.49246             1.17919             1.18466               3.49246                  2.43999              2.51006          -1.51249    
     395000           -0.13048             1.52879             1.53588              -0.13048                  2.44999              2.44776          -1.51114    
     396000            2.97090            -1.71742            -1.72538               2.97090                  2.45999              2.51988          -1.51102    
     397000           -0.51221             0.07975             0.08012              -0.51221                  2.46999              2.45975          -1.51103    
     398000            1.40221            -2.06260            -2.07216               1.40221                  2.47999              2.50872          -1.51369    
     399000            2.83875            -0.12313            -0.12370               2.83875                  2.48999              2.54677          -1.51578    
     400000            0.82611             2.21440             2.22467               0.82611                  2.49999              2.51730          -1.51361    
     401000            1.53944            -0.81401            -0.81779               1.53944                  2.50999              2.54088          -1.51513    
     402000            1.71039             1.53441             1.54152               1.71039                  2.51999              2.55457          -1.51632    
     403000            1.61956            -1.91424            -1.92311               1.61956                  2.52999              2.56296          -1.51399    
     404000            5.51441            -0.24843            -0.24959               5.51441                  2.53999              2.65029          -1.51371    
     405000           -2.62227            -2.40172            -2.41286              -2.62227                  2.54999              2.49847          -1.51778    
     406000           -0.61559             2.94595             2.95961              -0.61559                  2.55999              2.54905          -1.51638    
     407000            6.10088            -3.21156            -3.22644               6.10088                  2.56999              2.69355          -1.51554    
     408000           -2.35532            -0.17823            -0.17906              -2.35532                  2.57999              2.53289          -1.50948    
     409000           -1.47014            -3.11681            -3.13126              -1.47014                  2.58999              2.56211          -1.51901    
     410000           -2.08597             3.49521             3.51141              -2.08597                  2.59999              2.56019          -1.51503    
     411000           -2.50828             0.20900             0.20997              -2.50828                  2.60999              2.55983          -1.52558    
     412000            6.10817             3.63050             3.64733               6.10817                  2.61999              2.74408          -1.51985    
     413000           -0.41732            -1.92893            -1.93787              -0.41732                  2.62999              2.62221          -1.51780    
     414000            0.55163            -0.21339            -0.21438               0.55163                  2.63999              2.65103          -1.51326    
     415000           -2.39853            -0.41234            -0.41425              -2.39853                  2.64999              2.60205          -1.52361    
     416000           -0.54222            -0.54568            -0.54821              -0.54222                  2.65999              2.64919          -1.51710    
     417000           -1.37421             2.05507             2.06460              -1.37421                  2.66999              2.64315          -1.51709    
     418000            2.30217            -0.64597            -0.64896               2.30217                  2.67999              2.72609          -1.52381    
     419000           -1.80086            -0.59152            -0.59426              -1.80086                  2.68999              2.65403          -1.51492    
     420000            0.75179             1.47647             1.48332               0.75179                  2.69999              2.71535          -1.52190    
     421000            1.90897            -2.13367            -2.14356               1.90897                  2.70999              2.74884          -1.52149    
     422000            3.30898             0.23555             0.23664               3.30898                  2.71999              2.78618          -1.52274    
     423000           -0.00245            -0.27638            -0.27766              -0.00245                  2.72999              2.72995          -1.52190    
     424000           -2.88136             1.71753             1.72549              -2.88136                  2.73999              2.68280          -1.52085    
     425000            0.07057            -0.10051            -0.10097               0.07057                  2.74999              2.75140          -1.52353    
     426000            0.31242            -0.47345            -0.47564               0.31242                  2.75999              2.76627          -1.52107    
     427000           -3.03351             0.51500             0.51739              -3.03351                  2.76999              2.70936          -1.51856    
     428000           -1.07572            -1.44209            -1.44877              -1.07572                  2.77999              2.75878          -1.52287    
     429000            0.42422            -0.13933            -0.13998               0.42422                  2.78999              2.79848          -1.52022    
     430000            1.14458             1.92761             1.93655               1.14458                  2.79999              2.82341          -1.52219    
     431000           -2.31167             0.78056             0.78418              -2.31167                  2.80999              2.76385          -1.52231    
     432000           -1.64397            -0.98148            -0.98603              -1.64397                  2.81999              2.78725          -1.52234    
     433000            0.55696            -1.35540            -1.36168               0.55696                  2.82999              2.84139          -1.52317    
     434000           -0.20296            -0.88235            -0.88645              -0.20296                  2.83999              2.83604          -1.52329    
     435000           -0.47698            -0.22856            -0.22962              -0.47698                  2.84999              2.84046          -1.52319    
     436000           -0.83347             0.22144             0.22247              -0.83347                  2.85999              2.84333          -1.52346    
     437000           -1.74440             0.15713             0.15786              -1.74440                  2.86999              2.83511          -1.52290    
     438000           -0.34611             0.29590             0.29727              -0.34611                  2.87999              2.87308          -1.52279    
     439000           -0.21296             0.36709             0.36879              -0.21296                  2.88999              2.88575          -1.52305    
     440000           -0.25594            -0.60244            -0.60523              -0.25594                  2.89999              2.89492          -1.52426    
     441000            2.71460             0.15492             0.15564               2.71460                  2.90999              2.96429          -1.52465    
     442000           -0.26898             0.69915             0.70239              -0.26898                  2.91999              2.91468          -1.52424    
     443000           -1.95777             0.91840             0.92266              -1.95777                  2.92999              2.89095          -1.52672    
     444000           -3.29884             0.00705             0.00709              -3.29884                  2.93999              2.87401          -1.52719    
     445000           -0.17049            -0.01595            -0.01603              -0.17049                  2.94999              2.94658          -1.52049    
     446000           -0.00690            -0.53689            -0.53938              -0.00690                  2.95999              2.95989          -1.52493    
     447000           -0.25067             0.43920             0.44123              -0.25067                  2.96999              2.96500          -1.52582    
     448000            0.65432            -0.40452            -0.40640               0.65432                  2.97999              2.99310          -1.52077    
     449000           -0.93694             0.13657             0.13720              -0.93694                  2.98999              2.97125          -1.53193    
     450000            6.68385             2.40921             2.42038               6.68385                  2.99999              3.13441          -1.52416    
