 src.smd.smd.t   src.smd.smd.r1_deviation src.smd.smd.r2_deviation src.smd.smd.pull_force_x src.smd.smd.pull_force_y src.smd.smd.pull_force_z src.smd.smd.total_pull_force src.smd.smd.spring_length src.smd.smd.d3c  src.smd.smd.work
       0               7.04195e-09              7.04195e-09                0.00100                  0.00000                  0.00000                    0.00100                     2.99999              3.00000        1.00000e-08   
      1000               0.00780                  0.00960                  2.78402                  3.78896                  -0.37520                   2.78402                     2.98999              3.01807          0.00111     
      2000               0.01003                  0.00940                  -0.96305                 -1.38644                 0.13693                    -0.96305                    2.97999              2.97039          0.00172     
      3000               0.00531                  0.00568                  -1.69557                 -1.91916                 0.18827                    -1.69557                    2.96999              2.95310          -0.00148    
      4000               0.01061                  0.00974                  2.58074                  2.48698                  -0.24297                   2.58074                     2.95999              2.98590        -5.83290e-04  
      5000               0.02691                  0.02604                  -0.68553                 -0.49963                 0.04813                    -0.68553                    2.94999              2.94314          0.00064     
      6000               0.01351                  0.01288                  -0.48551                 -0.78992                 0.07774                    -0.48551                    2.93999              2.93515        -9.73101e-05  
      7000               0.02360                  0.02503                  0.32753                  0.58595                  -0.05745                   0.32753                     2.92999              2.93327          0.00045     
      8000               0.00946                  0.00826                  -0.67089                 -1.36954                 0.13489                    -0.67089                    2.91999              2.91331        -1.06255e-04  
      9000               0.01065                  0.01214                  0.00875                  0.28163                  -0.02642                   0.00875                     2.90999              2.91008        -7.29245e-05  
     10000               0.02544                  0.02077                  -1.43875                 0.58384                  -0.04993                   -1.43875                    2.89999              2.88561          -0.00215    
     11000               0.02861                  0.02889                  -3.16316                 -0.30466                 0.03891                    -3.16316                    2.88999              2.85836          -0.00404    
     12000               0.04312                  0.04348                  1.29740                  -2.95140                 0.26541                    1.29740                     2.87999              2.89312          -0.00236    
     13000               0.04901                  0.05387                  2.05385                  0.56227                  -0.05928                   2.05385                     2.86999              2.89053          -0.00357    
     14000               0.03274                  0.03944                  4.10108                  2.74105                  -0.26673                   4.10108                     2.85999              2.90113          -0.00543    
     15000               0.01306                  0.01139                  3.49229                  3.48153                  -0.32997                   3.49229                     2.84999              2.88512          -0.00560    
     16000               0.02621                  0.03615                  1.77198                  4.18553                  -0.38429                   1.77198                     2.83999              2.85802          -0.00492    
     17000               0.02993                  0.03500                  -1.07092                 4.44492                  -0.39028                   -1.07092                    2.82999              2.81963          -0.00430    
     18000               0.02783                  0.02571                  -0.21539                 0.50861                  -0.04376                   -0.21539                    2.81999              2.81784          -0.00368    
     19000               0.03057                  0.02492                  -0.31528                 0.24291                  -0.01939                   -0.31528                    2.80999              2.80684        -6.75204e-04  
     20000               0.02827                  0.02619                  3.24170                  0.03774                  -0.02101                   3.24170                     2.79999              2.83241        -5.27273e-04  
     21000               0.03196                  0.03204                  0.82110                  0.59888                  -0.05578                   0.82110                     2.78999              2.79821          -0.00269    
     22000               0.04275                  0.04553                  3.93521                  4.26807                  -0.37996                   3.93521                     2.77999              2.81967          -0.00541    
     23000               0.01110                  0.01490                  3.42329                  4.35481                  -0.37301                   3.42329                     2.76999              2.80456          -0.00750    
     24000               0.01428                  0.01915                  2.57359                  3.68472                  -0.30344                   2.57359                     2.75999              2.78597          -0.00794    
     25000               0.01212                  0.01063                  -0.25304                 -0.38102                 0.02843                    -0.25304                    2.74999              2.74746          -0.00877    
     26000               0.02239                  0.03272                  -0.02516                 0.05806                  -0.00525                   -0.02516                    2.73999              2.73974          -0.01028    
     27000               0.00895                  0.01383                  1.02734                  1.20078                  -0.08382                   1.02734                     2.72999              2.74029          -0.01031    
     28000               0.00240                  0.00332                  -0.80851                 -0.33024                 0.01560                    -0.80851                    2.71999              2.71191          -0.01007    
     29000               0.00853                  0.00907                  -1.43132                 0.18499                  -0.02979                   -1.43132                    2.70999              2.69568          -0.01058    
     30000               0.02499                  0.03131                  -2.55667                 0.65287                  -0.07273                   -2.55667                    2.69999              2.67443          -0.01265    
     31000               0.05349                  0.05632                  -4.48729                 2.18558                  -0.19301                   -4.48729                    2.68999              2.64521          -0.01034    
     32000               0.01463                  0.01514                  -4.53619                 2.88302                  -0.22561                   -4.53619                    2.67999              2.63479          -0.00790    
     33000               0.02704                  0.02845                  -3.43097                 2.45477                  -0.16856                   -3.43097                    2.66999              2.63580          -0.00936    
     34000               0.04649                  0.03858                  -1.53936                 1.09115                  -0.06443                   -1.53936                    2.65999              2.64462          -0.00880    
     35000               0.02551                  0.02410                  0.23511                  -0.16769                 0.00676                    0.23511                     2.64999              2.65234          -0.00678    
     36000               0.01657                  0.01688                  -0.28231                 0.18607                  -0.01083                   -0.28231                    2.63999              2.63717          -0.01020    
     37000               0.00472                  0.00404                  3.22344                  -0.52193                 -0.01846                   3.22344                     2.62999              2.66223          -0.00742    
     38000               0.04967                  0.03664                  5.57430                  -0.12339                 -0.07136                   5.57430                     2.61999              2.67573          -0.01118    
     39000               0.05711                  0.04729                  2.04359                  0.61523                  -0.05727                   2.04359                     2.60999              2.63043          -0.01234    
     40000               0.03560                  0.03075                  5.43786                  3.21608                  -0.20363                   5.43786                     2.59999              2.65456          -0.01338    
     41000               0.02104                  0.01865                  2.85990                  1.83253                  -0.10407                   2.85990                     2.58999              2.61865          -0.01643    
     42000               0.00822                  0.00891                  -1.27627                 -0.56936                 0.01243                    -1.27627                    2.57999              2.56723          -0.01595    
     43000               0.00601                  0.00596                  -2.61573                 0.06767                  -0.06496                   -2.61573                    2.56999              2.54383          -0.01903    
     44000               0.02888                  0.03739                  -4.13952                 0.66288                  -0.13196                   -4.13952                    2.55999              2.51860          -0.01878    
     45000               0.02575                  0.03124                  -0.05140                 0.01985                  0.00067                    -0.05140                    2.54999              2.54948          -0.01963    
     46000               0.01655                  0.02034                  -2.75708                 -4.60375                 0.00276                    -2.75708                    2.53999              2.51284          -0.01629    
     47000               0.01580                  0.01762                  -1.61554                 3.23166                  -0.08100                   -1.61554                    2.52999              2.51404          -0.01911    
     48000               0.02480                  0.03209                  0.41824                  -0.09909                 0.01201                    0.41824                     2.51999              2.52417          -0.01448    
     49000               0.02806                  0.03291                  1.44345                  0.53739                  0.04657                    1.44345                     2.50999              2.52443          -0.02346    
     50000               0.02949                  0.02921                  -0.16075                 -4.63006                 -0.14295                   -0.16075                    2.49999              2.49881          -0.01988    
     51000               0.02038                  0.01942                  -5.20938                 -1.17222                 -0.13363                   -5.20938                    2.48999              2.43792          -0.02140    
     52000               0.01261                  0.01104                  2.62363                  5.62795                  0.24600                    2.62363                     2.47999              2.50686          -0.02037    
     53000               0.00660                  0.00717                  6.26471                  -0.69084                 0.03634                    6.26471                     2.46999              2.53265          -0.02156    
     54000               0.01593                  0.01151                  2.82499                  -5.52837                 -0.22253                   2.82499                     2.45999              2.48885          -0.02236    
     55000               0.05134                  0.03601                  0.72405                  -4.75771                 -0.21167                   0.72405                     2.44999              2.45769          -0.02371    
     56000               0.04637                  0.02672                  -0.33125                 -1.25075                 -0.06100                   -0.33125                    2.43999              2.43671          -0.02387    
     57000               0.05755                  0.04966                  -1.25486                 -0.09282                 -0.01152                   -1.25486                    2.42999              2.41744          -0.02469    
     58000               0.07220                  0.03377                  -0.66127                 2.00259                  0.10322                    -0.66127                    2.41999              2.41346          -0.02571    
     59000               0.03986                  0.02186                  0.62334                  0.94439                  0.05518                    0.62334                     2.40999              2.41624          -0.02914    
     60000               0.01884                  0.01162                  0.60975                  0.66176                  0.04026                    0.60975                     2.39999              2.40610          -0.03130    
     61000               0.06518                  0.04537                  -4.47106                 1.33432                  0.07042                    -4.47106                    2.38999              2.34532          -0.02921    
     62000               0.02922                  0.01951                  -1.35558                 1.02430                  0.05846                    -1.35558                    2.37999              2.36646          -0.02441    
     63000               0.05982                  0.04550                  3.10928                  -3.65020                 -0.21343                   3.10928                     2.36999              2.40136          -0.02906    
     64000               0.00903                  0.00792                  4.52297                  -4.70694                 -0.27342                   4.52297                     2.35999              2.40568          -0.03253    
     65000               0.00784                  0.00983                  -4.18122                 2.98268                  0.16706                    -4.18122                    2.34999              2.30837          -0.03896    
     66000               0.01509                  0.01993                  -0.27883                 0.16033                  0.00941                    -0.27883                    2.33999              2.33720          -0.02893    
     67000               0.03657                  0.04979                  5.31370                  -3.31133                 -0.16512                   5.31370                     2.32999              2.38336          -0.03252    
     68000               0.02881                  0.04339                  4.69492                  -1.93104                 -0.08509                   4.69492                     2.31999              2.36702          -0.03439    
     69000               0.01233                  0.02361                  1.02117                  -0.30770                 -0.01154                   1.02117                     2.30999              2.32020          -0.03793    
     70000               0.00460                  0.01296                  -1.63111                 -0.78290                 -0.04200                   -1.63111                    2.29999              2.28369          -0.03893    
     71000               0.00531                  0.02230                  -0.19278                 -0.22613                 -0.00886                   -0.19278                    2.28999              2.28806          -0.03946    
     72000               0.00325                  0.03804                  -1.94359                 -2.10960                 -0.08908                   -1.94359                    2.27999              2.26065          -0.03961    
     73000               0.00684                  0.01812                  2.73870                  3.00074                  0.10771                    2.73870                     2.26999              2.29757          -0.03746    
     74000               0.00559                  0.00682                  -5.25864                 -3.96596                 -0.11929                   -5.25864                    2.25999              2.20776          -0.03867    
     75000               0.01349                  0.02867                  -4.27128                 -0.88970                 -0.00730                   -4.27128                    2.24999              2.20730          -0.04309    
     76000               0.01726                  0.00818                  -1.84044                 0.78392                  0.03671                    -1.84044                    2.23999              2.22160          -0.04559    
     77000               0.01512                  0.00612                  -1.76013                 1.14091                  0.04645                    -1.76013                    2.22999              2.21242          -0.04850    
     78000               0.01473                  0.01780                  -1.79238                 1.60433                  0.05450                    -1.79238                    2.21999              2.20212          -0.04810    
     79000               0.01554                  0.02243                  -6.05277                 5.82523                  0.18669                    -6.05277                    2.20999              2.15025          -0.04755    
     80000               0.01232                  0.03342                  -2.39993                 1.75155                  0.04544                    -2.39993                    2.19999              2.17606          -0.04593    
     81000               0.01151                  0.00821                  2.96430                  -1.43977                 -0.01983                   2.96430                     2.18999              2.21968          -0.04184    
     82000               0.01940                  0.01212                  4.64280                  -1.21764               -2.07462e-04                 4.64280                     2.17999              2.22645          -0.05684    
     83000               0.04041                  0.02734                  -6.30905                 -0.82033                 -0.06155                   -6.30905                    2.16999              2.10692          -0.05492    
     84000               0.03767                  0.01880                  -4.71214                 -2.33478                 -0.07699                   -4.71214                    2.15999              2.11300          -0.05545    
     85000               0.02363                  0.02095                  -4.46165                 -3.93492                 -0.09470                   -4.46165                    2.14999              2.10574          -0.05748    
     86000               0.01540                  0.01172                  -2.24073                 -2.37605                 -0.04855                   -2.24073                    2.13999              2.11772          -0.05361    
     87000               0.01504                  0.01452                  4.74996                  4.76592                  0.06156                    4.74996                     2.12999              2.17801          -0.05654    
     88000               0.01688                  0.01146                  4.43050                  2.88650                  0.01908                    4.43050                     2.11999              2.16449          -0.06399    
     89000               0.01110                  0.01401                  4.02115                  0.91922                  -0.01873                   4.02115                     2.10999              2.15022          -0.06803    
     90000               0.01976                  0.03265                  2.47723                  -0.46094                 -0.03031                   2.47723                     2.09999              2.12477          -0.06847    
     91000               0.00647                  0.01183                  -1.13829                 0.76986                  0.01343                    -1.13829                    2.08999              2.07862          -0.07360    
     92000               0.00959                  0.01136                  -7.18540                 5.69568                  0.07868                    -7.18540                    2.07999              2.00894          -0.06869    
     93000               0.00618                  0.01386                  -1.62075                 1.12308                  0.01120                    -1.62075                    2.06999              2.05381          -0.07006    
     94000               0.02418                  0.02639                  -2.49448                 0.70449                  -0.01521                   -2.49448                    2.05999              2.03506          -0.07228    
     95000               0.02015                  0.01161                  -3.50695                 -0.22812                 -0.04531                   -3.50695                    2.04999              2.01492          -0.07249    
     96000               0.01536                  0.00587                  1.56185                  0.85738                  0.01847                    1.56185                     2.03999              2.05563          -0.07552    
     97000               0.01853                  0.01576                  1.34815                  1.06357                  -0.00167                   1.34815                     2.02999              2.04350          -0.07870    
     98000               0.01545                  0.01029                  7.21997                  4.41793                  -0.03516                   7.21997                     2.01999              2.09266          -0.08423    
     99000               0.00591                  0.00332                  0.44919                  0.48008                  -0.00514                   0.44919                     2.00999              2.01449          -0.09269    
     100000              0.02571                  0.02498                  -4.65963                 0.66808                  0.03524                    -4.65963                    1.99999              1.95341          -0.09215    
     101000              0.01719                  0.01667                  -2.39259                 1.69890                  0.00052                    -2.39259                    1.98999              1.96614          -0.09458    
     102000              0.01337                  0.01307                  -1.52634                 1.45141                  -0.01307                   -1.52634                    1.97999              1.96478          -0.09901    
     103000              0.02848                  0.01567                  -2.09366                 1.55986                  -0.02483                   -2.09366                    1.96999              1.94912          -0.09992    
     104000              0.01856                  0.00914                  -2.79254                 0.92227                  -0.02871                   -2.79254                    1.95999              1.93209          -0.10514    
     105000              0.02841                  0.02543                  -6.01983                 -0.39017                 -0.03708                   -6.01983                    1.94999              1.88980          -0.10525    
     106000              0.03430                  0.02116                  -7.38567                 -3.53669                 0.00743                    -7.38567                    1.93999              1.86647          -0.10585    
     107000              0.01796                  0.01149                  0.35163                  0.45110                  -0.00949                   0.35163                     1.92999              1.93351          -0.10488    
     108000              0.03664                  0.02434                  6.86198                  3.28431                  -0.07533                   6.86198                     1.91999              1.98888          -0.11286    
     109000              0.01142                  0.01194                  5.44802                  -0.26739                 -0.03057                   5.44802                     1.90999              1.96447          -0.11619    
     110000              0.00781                  0.01821                  3.38641                  -1.64031                 0.00531                    3.38641                     1.89999              1.93392          -0.12647    
     111000              0.02687                  0.02221                  -3.30220                 1.72201                  -0.02836                   -3.30220                    1.88999              1.85705          -0.12832    
     112000              0.02332                  0.00916                  -6.18070                 2.20874                  -0.06231                   -6.18070                    1.87999              1.81832          -0.13118    
     113000              0.02987                  0.01453                  -6.38778                 0.38159                  -0.04290                   -6.38778                    1.86999              1.80612          -0.13065    
     114000              0.02171                  0.01626                  -1.46653                 -0.03194                 -0.00694                   -1.46653                    1.85999              1.84532          -0.13308    
     115000              0.01574                  0.01016                  -1.49022                 -0.46931                 0.00811                    -1.49022                    1.84999              1.83509          -0.13717    
     116000              0.01552                  0.02007                  3.33178                  1.18630                  -0.04327                   3.33178                     1.83999              1.87335          -0.14318    
     117000              0.01310                  0.02411                  1.78835                  -0.33274                 0.00092                    1.78835                     1.82999              1.84788          -0.14723    
     118000              0.02729                  0.02978                  5.24052                  -2.11844                 0.04734                    5.24052                     1.81999              1.87252          -0.15463    
     119000              0.00378                  0.01005                  4.23611                  -2.03070                 0.06298                    4.23611                     1.80999              1.85246          -0.15973    
     120000              0.00926                  0.03141                  3.18154                  -0.53013                 0.02280                    3.18154                     1.79999              1.83181          -0.16409    
     121000              0.00579                  0.02339                  -1.41351                 0.27143                  -0.01024                   -1.41351                    1.78999              1.77586          -0.16975    
     122000              0.01284                  0.01453                  -4.54706                 -2.57051                 0.07896                    -4.54706                    1.77999              1.73471          -0.17893    
     123000              0.02461                  0.02359                  -6.31123                 -3.79176                 0.11393                    -6.31123                    1.76999              1.70730          -0.18430    
     124000              0.01988                  0.02312                  -4.72974                 -1.23530                 0.03056                    -4.72974                    1.75999              1.71274          -0.18534    
     125000              0.00826                  0.00720                  -2.65950                 0.63400                  -0.02551                   -2.65950                    1.74999              1.72341          -0.19106    
     126000              0.00754                  0.00873                  -3.19126                 2.17453                  -0.05778                   -3.19126                    1.73999              1.70822          -0.19824    
     127000              0.02057                  0.01530                  -2.04361                 0.64671                  -0.00877                   -2.04361                    1.72999              1.70957          -0.20276    
     128000              0.02837                  0.03495                  3.74585                  3.53292                  -0.09343                   3.74585                     1.71999              1.75780          -0.21339    
     129000              0.01595                  0.02765                  1.65950                  2.12466                  -0.03770                   1.65950                     1.70999              1.72672          -0.22769    
     130000              0.01681                  0.03807                  -6.33073                 0.73553                  -0.05279                   -6.33073                    1.69999              1.63670          -0.23419    
     131000              0.01038                  0.02793                  -4.41352                 2.74814                  -0.04477                   -4.41352                    1.68999              1.64608          -0.23378    
     132000              0.01019                  0.02749                  3.23981                  -1.51362                 -0.02399                   3.23981                     1.67999              1.71246          -0.24227    
     133000              0.00306                  0.00631                  6.83441                  2.37123                  -0.06325                   6.83441                     1.66999              1.73850          -0.25606    
     134000              0.01081                  0.01625                  0.35818                  1.18582                -7.62556e-05                 0.35818                     1.65999              1.66361          -0.26868    
     135000              0.01161                  0.04336                 -10.57265                 -1.90305                 -0.08041                  -10.57265                    1.64999              1.54438          -0.27263    
     136000              0.00694                  0.01297                  -0.06639                 -1.09118                 -0.01856                   -0.06639                    1.63999              1.63936          -0.27422    
     137000              0.02380                  0.02697                  6.64142                  -5.97258                 -0.12957                   6.64142                     1.62999              1.69746          -0.29260    
     138000              0.00403                  0.02102                  -2.31972                 -0.97238                 -0.01848                   -2.31972                    1.61999              1.59682          -0.30893    
     139000              0.01504                  0.01815                  -7.69406                 -5.29172                 -0.10943                   -7.69406                    1.60999              1.53396          -0.31189    
     140000              0.00647                  0.00810                  -4.42896                 -0.77675                 -0.01402                   -4.42896                    1.59999              1.55572          -0.31687    
     141000              0.01227                  0.00820                  1.93064                  -2.03045                 -0.03604                   1.93064                     1.58999              1.60942          -0.32819    
     142000              0.02098                  0.01475                  7.13995                  -0.39925                 0.02672                    7.13995                     1.57999              1.65139          -0.34271    
     143000              0.01699                  0.01189                  3.78278                  2.13558                  0.04139                    3.78278                     1.56999              1.60796          -0.36179    
     144000              0.01346                  0.01419                  -2.25171                 0.36619                  0.01099                    -2.25171                    1.55999              1.53748          -0.37684    
     145000              0.00951                  0.01582                  -7.44739                 2.69812                  0.01853                    -7.44739                    1.54999              1.47576          -0.38652    
     146000              0.02250                  0.02229                  -6.61344                 0.68520                  -0.03473                   -6.61344                    1.53999              1.47387          -0.39376    
     147000              0.01636                  0.00704                  -1.99962                 -0.35070                 -0.00864                   -1.99962                    1.52999              1.51000          -0.40328    
     148000              0.01734                  0.01432                  6.25471                  -1.20518                 -0.05180                   6.25471                     1.51999              1.58258          -0.42126    
     149000              0.00939                  0.00533                  2.17535                  -1.80339                 0.01431                    2.17535                     1.50999              1.53185          -0.44508    
     150000              0.00698                  0.00946                  -0.51203                 -0.74688                 0.02533                    -0.51203                    1.49999              1.49489          -0.45733    
     151000              0.02834                  0.02234                  1.18748                  2.63763                  -0.05578                   1.18748                     1.48999              1.50210          -0.47198    
     152000              0.01528                  0.01398                  1.40653                  1.31051                  -0.04293                   1.40653                     1.47999              1.49411          -0.48742    
     153000              0.01050                  0.00801                  -3.93524                 0.06910                9.03180e-05                  -3.93524                    1.46999              1.43064          -0.50298    
     154000              0.01806                  0.01670                  -3.43678                 2.01425                  -0.05277                   -3.43678                    1.45999              1.42576          -0.52426    
     155000              0.01393                  0.02349                  1.31473                  -1.11763                 0.00215                    1.31473                     1.44999              1.46318          -0.54158    
     156000              0.02557                  0.01989                  -3.90294                 -2.61517                 0.05228                    -3.90294                    1.43999              1.40120          -0.56219    
     157000              0.02107                  0.01808                  -0.63703                 3.13264                  -0.02343                   -0.63703                    1.42999              1.42396          -0.58317    
     158000              0.02736                  0.00412                  0.62630                  0.14463                  0.03012                    0.62630                     1.41999              1.42625          -0.60181    
     159000              0.02039                  0.02085                  -4.56017                 2.71708                  0.01227                    -4.56017                    1.40999              1.36466          -0.62544    
     160000              0.01408                  0.00912                  -2.57995                 -0.15423                 0.00321                    -2.57995                    1.39999              1.37419          -0.64839    
     161000              0.01422                  0.01782                  -1.27548                 0.99493                  0.02439                    -1.27548                    1.38999              1.37727          -0.66953    
     162000              0.02600                  0.02992                  -4.43970                 -1.34053                 -0.03540                   -4.43970                    1.37999              1.33566          -0.69400    
     163000              0.03823                  0.02401                  -5.02940                 -0.93401                 0.00676                    -5.02940                    1.36999              1.31973          -0.72152    
     164000              0.02196                  0.02246                  -1.67833                 0.21128                  -0.01179                   -1.67833                    1.35999              1.34321          -0.74945    
     165000              0.03910                  0.03066                  -1.27569                 -2.51916                 0.03132                    -1.27569                    1.34999              1.33747          -0.77510    
     166000              0.04800                  0.00828                  -0.94038                 0.88947                  -0.01784                   -0.94038                    1.33999              1.33062          -0.80089    
     167000              0.03005                  0.01082                  -3.75145                 -1.11908                 0.01742                    -3.75145                    1.32999              1.29252          -0.82811    
     168000              0.01922                  0.01155                  -4.65966                 0.47496                  -0.01579                   -4.65966                    1.31999              1.27340          -0.85645    
     169000              0.02262                  0.00751                  -2.51809                 0.88532                  -0.00909                   -2.51809                    1.30999              1.28484          -0.88842    
     170000              0.00684                  0.01619                  0.53808                  0.83213                  0.02314                    0.53808                     1.29999              1.30540          -0.92019    
     171000              0.04306                  0.00788                  -0.82427                 -2.83394                 -0.00861                   -0.82427                    1.28999              1.28206          -0.95718    
     172000              0.03183                  0.02277                  -1.43877                 -0.47864                 -0.02569                   -1.43877                    1.27999              1.26561          -0.99061    
     173000              0.03559                  0.01971                  -3.14759                 0.51258                  0.01307                    -3.14759                    1.26999              1.23852          -1.02500    
     174000              0.02205                  0.01946                  -3.07153                 -1.18676                 -0.02143                   -3.07153                    1.25999              1.22933          -1.06177    
     175000              0.03497                  0.03203                  -5.43448                 1.98608                  0.03586                    -5.43448                    1.24999              1.19581          -1.10187    
     176000              0.02440                  0.01259                  -2.74997                 2.00777                  -0.15492                   -2.74997                    1.23999              1.21266          -1.14006    
     177000              0.04198                  0.01281                  -1.60114                 0.11487                  0.02249                    -1.60114                    1.22999              1.21398          -1.17637    
     178000              0.02295                  0.01123                  2.17635                  -5.10556                 0.20374                    2.17635                     1.21999              1.24280          -1.22085    
     179000              0.01410                  0.01489                  -0.74068                 -0.51962                 -0.09205                   -0.74068                    1.20999              1.20259          -1.26594    
     180000              0.01552                  0.04582                  -5.55800                 -1.44653                 -0.08768                   -5.55800                    1.19999              1.14450          -1.30241    
     181000              0.01761                  0.04087                  -5.34904                 0.54040                  -0.02560                   -5.34904                    1.18999              1.13651          -1.34485    
     182000              0.02796                  0.01882                  -3.83081                 0.02675                  0.03446                    -3.83081                    1.17999              1.14168          -1.38640    
     183000              0.01457                  0.03576                  -2.01700                 -1.45117                 -0.21309                   -2.01700                    1.16999              1.14991          -1.42930    
     184000              0.01575                  0.01286                  -2.52893                 0.12152                  -0.07210                   -2.52893                    1.15999              1.13470          -1.46979    
     185000              0.01461                  0.00418                  -3.87932                 -4.01312                 -0.40708                   -3.87932                    1.14999              1.11193          -1.51055    
     186000              0.03379                  0.03285                  -3.40913                 -1.29064                 -0.17853                   -3.40913                    1.13999              1.10598          -1.55152    
     187000              0.02700                  0.02361                  -1.00707                 -6.27692                 -1.02068                   -1.00707                    1.12999              1.12172          -1.59254    
     188000              0.02003                  0.01776                  -3.70502                 1.98716                  0.73384                    -3.70502                    1.11999              1.08315          -1.63369    
     189000              0.02797                  0.03030                  -2.30413                 2.67064                  3.19942                    -2.30413                    1.10999              1.08775          -1.67270    
     190000              0.03445                  0.03697                  -5.10998                 -1.49130                 2.42129                    -5.10998                    1.09999              1.04928          -1.71201    
     191000              0.01707                  0.05538                  -3.49014                 -0.61483                 -0.26596                   -3.49014                    1.09999              1.06511          -1.71201    
     192000              0.02040                  0.01844                  -3.72196                 0.45146                  -1.15704                   -3.72196                    1.09999              1.06284          -1.71201    
     193000              0.02761                  0.02872                  -3.64771                 -0.37504                 0.57655                    -3.64771                    1.09999              1.06354          -1.71201    
     194000              0.02443                  0.00637                  -2.46496                 -1.84505                 -2.29916                   -2.46496                    1.09999              1.07574          -1.71201    
     195000              0.01936                  0.01879                  -3.30728                 -1.21895                 4.59102                    -3.30728                    1.09999              1.06797          -1.71201    
     196000              0.03714                  0.02320                  -4.66135                 -0.92190                 5.21858                    -4.66135                    1.09999              1.05471          -1.71201    
     197000              0.02080                  0.02313                  -3.76251                 -0.35007                 -0.47526                   -3.76251                    1.09999              1.06238          -1.71201    
     198000              0.01597                  0.03585                  -2.85702                 -1.65321                 -5.05881                   -2.85702                    1.09999              1.07274          -1.71201    
     199000              0.04413                  0.03242                  -3.99519                 0.36146                  -2.05749                   -3.99519                    1.09999              1.06024          -1.71201    
     200000              0.00553                  0.01629                  -2.85779                 3.19865                  -4.69160                   -2.85779                    1.09999              1.07292          -1.71201    
     201000              0.01483                  0.02472                  -3.62644                 1.05770                  -3.41973                   -3.62644                    1.09999              1.06433          -1.71201    
     202000              0.00602                  0.01284                  -4.10553                 3.46395                  7.01422                    -4.10553                    1.09999              1.06182          -1.71201    
     203000              0.02250                  0.03604                  -3.61657                 1.33564                  2.39258                    -3.61657                    1.09999              1.06418          -1.71201    
     204000              0.03363                  0.02529                  -3.19241                 0.28670                  2.67995                    -3.19241                    1.09999              1.06841          -1.71201    
     205000              0.01319                  0.01157                  -4.29545                 -0.80843                 1.66601                    -4.29545                    1.09999              1.05720          -1.71201    
     206000              0.04522                  0.05798                  -5.85351                 1.17271                  -7.94432                   -5.85351                    1.09999              1.04455          -1.71201    
     207000              0.03276                  0.03262                  -4.82435                 1.76519                  2.14699                    -4.82435                    1.09999              1.05211          -1.71201    
     208000              0.01411                  0.01905                  -1.11263                 3.59344                  3.69152                    -1.11263                    1.09999              1.09008          -1.71201    
     209000              0.05377                  0.03463                  -6.02066                 -0.82576                 2.86859                    -6.02066                    1.09999              1.04021          -1.71201    
     210000              0.05814                  0.00939                  -0.88104                 -0.89913                 2.45280                    -0.88104                    1.09999              1.09149          -1.71201    
     211000              0.04447                  0.01204                  -5.97320                 -0.42766                 3.29108                    -5.97320                    1.09999              1.04079          -1.71201    
     212000              0.02373                  0.01972                  -4.36386                 -1.96283                 0.26745                    -4.36386                    1.09999              1.05654          -1.71201    
     213000              0.04262                  0.03676                  -3.30497                 0.55817                  1.70341                    -3.30497                    1.09999              1.06709          -1.71201    
     214000              0.02434                  0.02725                  -2.41731                 2.71540                  -3.12905                   -2.41731                    1.09999              1.07661          -1.71201    
     215000              0.02519                  0.05155                  -4.46812                 -1.63413                 -2.32991                   -4.46812                    1.09999              1.05569          -1.71201    
     216000              0.01487                  0.01492                  -5.18978                 0.45860                  0.37829                    -5.18978                    1.09999              1.04811          -1.71201    
     217000              0.02972                  0.00685                  -2.86848                 1.01570                  -0.62652                   -2.86848                    1.09999              1.07137          -1.71201    
     218000              0.03223                  0.02933                  -3.72347                 -1.99286                 -1.13316                   -3.72347                    1.09999              1.06300          -1.71201    
     219000              0.03576                  0.02787                  -5.40074                 -3.22305                 0.94363                    -5.40074                    1.09999              1.04652          -1.71201    
     220000              0.02709                  0.01680                  -0.13216                 -1.46465                 5.22565                    -0.13216                    1.09999              1.10001          -1.71201    
     221000              0.03186                  0.02018                  -4.31063                 0.24957                  1.23048                    -4.31063                    1.09999              1.05696          -1.71201    
     222000              0.02041                  0.01796                  -6.92209                 -1.31871                 -7.00397                   -6.92209                    1.09999              1.03323          -1.71201    
     223000              0.02691                  0.03243                  -3.76475                 0.08085                  -1.12007                   -3.76475                    1.09999              1.06240          -1.71201    
     224000              0.01518                  0.02365                  -3.28260                 1.74624                  -0.84368                   -3.28260                    1.09999              1.06734          -1.71201    
     225000              0.01601                  0.03644                  -5.12481                 0.75008                  -0.23258                   -5.12481                    1.09999              1.04877          -1.71201    
     226000              0.02164                  0.03227                  -6.53594                 -1.09297                 3.44765                    -6.53594                    1.09999              1.03526          -1.71201    
     227000              0.02927                  0.04700                  -2.98113                 1.26780                  4.02158                    -2.98113                    1.09999              1.07101          -1.71201    
     228000              0.01132                  0.03082                  -1.99893                 -0.50848                 -1.39384                   -1.99893                    1.09999              1.08010          -1.71201    
     229000              0.01741                  0.03805                  -3.26773                 2.31571                  -1.50716                   -3.26773                    1.09999              1.06767          -1.71201    
     230000              0.02164                  0.03264                  -3.92289                 0.30707                  0.25942                    -3.92289                    1.09999              1.06077          -1.71201    
     231000              0.01544                  0.02152                  -2.55437                 1.09324                  1.17531                    -2.55437                    1.09999              1.07457          -1.71201    
     232000              0.04227                  0.05444                  -4.75072                 -0.10515                 4.70607                    -4.75072                    1.09999              1.05353          -1.71201    
     233000              0.02525                  0.02999                  -2.35365                 -5.31125                 2.14307                    -2.35365                    1.09999              1.07798          -1.71201    
     234000              0.01509                  0.01815                  -2.60638                 0.19065                  0.29782                    -2.60638                    1.09999              1.07393          -1.71201    
     235000              0.03418                  0.03022                  -4.14147                 -0.49595                 -0.04632                   -4.14147                    1.09999              1.05859          -1.71201    
     236000              0.01855                  0.01765                  -3.15195                 0.28505                  -0.87264                   -3.15195                    1.09999              1.06851          -1.71201    
     237000              0.01014                  0.01283                  -5.13246                 -2.12356                 3.14807                    -5.13246                    1.09999              1.04935          -1.71201    
     238000              0.01283                  0.06662                  -3.67286                 1.34303                  2.86585                    -3.67286                    1.09999              1.06373          -1.71201    
     239000              0.01987                  0.01896                  -5.31478                 2.06988                  -0.52454                   -5.31478                    1.09999              1.04706          -1.71201    
     240000              0.02683                  0.02465                  -2.18833                 -0.35960                 -1.79603                   -2.18833                    1.09999              1.07826          -1.71201    
     241000              0.01595                  0.02307                  -3.43601                 0.09040                  0.82122                    -3.43601                    1.10999              1.07566          -1.75322    
     242000              0.01051                  0.01330                  -2.69838                 -1.38847                 0.38692                    -2.69838                    1.11999              1.09310          -1.78933    
     243000              0.02128                  0.02462                  -3.13200                 -0.82144                 2.35322                    -3.13200                    1.12999              1.09895          -1.82872    
     244000              0.01866                  0.02032                  -3.15973                 -0.31506                 -0.91320                   -3.15973                    1.13999              1.10843          -1.87293    
     245000              0.00816                  0.01310                  -4.49413                 -1.52230                 0.95792                    -4.49413                    1.14999              1.10520          -1.91218    
     246000              0.02966                  0.03115                  -4.54046                 1.27378                  0.21342                    -4.54046                    1.15999              1.11466          -1.95521    
     247000              0.05009                  0.03667                  -2.62290                 -2.26296                 -0.53576                   -2.62290                    1.16999              1.14400          -1.99850    
     248000              0.01924                  0.02594                  -5.55527                 1.32020                  4.32830                    -5.55527                    1.17999              1.12535          -2.03860    
     249000              0.02327                  0.05854                  -6.30825                 1.73402                  -2.12835                   -6.30825                    1.18999              1.12724          -2.08131    
     250000              0.05380                  0.03299                  -3.72975                 -0.52946                 1.10705                    -3.72975                    1.19999              1.16276          -2.12347    
     251000              0.02770                  0.01676                  0.31423                  2.97160                  -2.25682                   0.31423                     1.20999              1.21371          -2.16463    
     252000              0.03509                  0.02648                  -1.27595                 -3.65362                 -2.46635                   -1.27595                    1.21999              1.20804          -2.20591    
     253000              0.03669                  0.05079                  -2.41268                 0.01805                  0.78981                    -2.41268                    1.22999              1.20589          -2.24779    
     254000              0.02102                  0.01129                  -3.29986                 -0.23621                 -2.73551                   -3.29986                    1.23999              1.20730          -2.28548    
     255000              0.01836                  0.01511                  -3.75665                 -2.21225                 0.71845                    -3.75665                    1.24999              1.21265          -2.32215    
     256000              0.01722                  0.01365                  -4.07926                 1.43984                  0.96563                    -4.07926                    1.25999              1.21932          -2.35889    
     257000              0.01617                  0.02733                  -1.69904                 1.03263                  -1.96628                   -1.69904                    1.26999              1.25320          -2.39394    
     258000              0.05684                  0.03095                  -0.87177                 -1.23426                 0.75380                    -0.87177                    1.27999              1.27135          -2.43104    
     259000              0.03833                  0.04772                  -0.98720                 1.43793                  -1.98438                   -0.98720                    1.28999              1.28035          -2.46674    
     260000              0.01087                  0.01465                  0.88139                  -3.51205                 0.81148                    0.88139                     1.29999              1.30930          -2.49997    
     261000              0.04134                  0.02999                  -0.44936                 2.77024                  2.65093                    -0.44936                    1.30999              1.30606          -2.53305    
     262000              0.03647                  0.03598                  -1.02212                 -1.62588                 -0.49410                   -1.02212                    1.31999              1.30988          -2.56650    
     263000              0.01264                  0.03458                  -2.53482                 0.08995                  3.03728                    -2.53482                    1.32999              1.30500          -2.59491    
     264000              0.00644                  0.00867                  -3.19383                 2.60110                  -0.79187                   -3.19383                    1.33999              1.30833          -2.62290    
     265000              0.01076                  0.00854                  -1.54935                 0.10563                  -2.72606                   -1.54935                    1.34999              1.33478          -2.64965    
     266000              0.04195                  0.02764                  2.14299                  -2.64895                 -0.08851                   2.14299                     1.35999              1.38167          -2.67797    
     267000              0.03989                  0.06503                  -1.69120                 1.94350                  0.19098                    -1.69120                    1.36999              1.35322          -2.70586    
     268000              0.02766                  0.04891                  -4.23635                 -2.48246                 -1.47464                   -4.23635                    1.37999              1.33794          -2.73075    
     269000              0.01124                  0.00579                  -6.77133                 0.77744                  3.66329                    -6.77133                    1.38999              1.32281          -2.75543    
     270000              0.04152                  0.05779                  -3.90098                 2.12046                  -1.78975                   -3.90098                    1.39999              1.36126          -2.77861    
     271000              0.03841                  0.03446                  -5.54314                 -0.97652                 0.89883                    -5.54314                    1.40999              1.35462          -2.79932    
     272000              0.00917                  0.00924                  -3.55919                 2.65724                  1.92827                    -3.55919                    1.41999              1.38479          -2.82207    
     273000              0.02013                  0.02636                  -2.65208                 1.05493                  -2.24744                   -2.65208                    1.42999              1.40369          -2.84365    
     274000              0.05954                  0.01766                  -3.31419                 -0.98384                 0.42993                    -3.31419                    1.43999              1.40689          -2.86224    
     275000              0.01403                  0.01493                  -3.36708                 1.74177                  -0.16572                   -3.36708                    1.44999              1.41643          -2.88129    
     276000              0.00601                  0.00480                  -1.34674                 0.56726                  -1.20654                   -1.34674                    1.45999              1.44658          -2.90119    
     277000              0.01422                  0.02348                  -1.47348                 -1.55330                 -0.65465                   -1.47348                    1.46999              1.45535          -2.91894    
     278000              0.03324                  0.02013                  -1.82734                 0.74953                  -0.39305                   -1.82734                    1.47999              1.46174          -2.93760    
     279000              0.01584                  0.03613                  -2.17696                 0.80836                  -0.21311                   -2.17696                    1.48999              1.46824          -2.95548    
     280000              0.01197                  0.02042                  -7.30726                 -1.14645                 -3.17046                   -7.30726                    1.49999              1.42732          -2.97195    
     281000              0.02057                  0.03290                  -2.98999                 -2.83515                 1.18930                    -2.98999                    1.50999              1.48041          -2.98539    
     282000              0.02467                  0.02681                  -1.86312                 -0.19504                 0.48692                    -1.86312                    1.51999              1.50137          -3.00485    
     283000              0.01518                  0.03552                  -1.10315                 0.77290                  0.07673                    -1.10315                    1.52999              1.51898          -3.01752    
     284000              0.01943                  0.02042                  0.69251                  2.13687                  -2.41100                   0.69251                     1.53999              1.54725          -3.02827    
     285000              0.03970                  0.03399                  3.67685                  -2.81527                 -0.83642                   3.67685                     1.54999              1.58703          -3.04237    
     286000              0.03278                  0.06315                  -2.64399                 0.72989                  3.33581                    -2.64399                    1.55999              1.53393          -3.05500    
     287000              0.00707                  0.00839                  -5.20716                 1.74347                  -1.56066                   -5.20716                    1.56999              1.51810          -3.06557    
     288000              0.02816                  0.02610                  -1.60663                 -0.85786                 -1.17344                   -1.60663                    1.57999              1.56399          -3.08082    
     289000              0.01407                  0.03031                  0.85723                  0.72803                  1.18983                    0.85723                     1.58999              1.59862          -3.09493    
     290000              0.00578                  0.01153                  -0.41938                 0.82335                  0.17786                    -0.41938                    1.59999              1.59582          -3.10191    
     291000              0.03067                  0.02544                  -1.96299                 -0.36731                 -0.49604                   -1.96299                    1.60999              1.59037          -3.10890    
     292000              0.00475                  0.00611                  -1.82390                 -0.63602                 0.15646                    -1.82390                    1.61999              1.60176          -3.12357    
     293000              0.02543                  0.02406                  -2.41445                 -0.19910                 0.98698                    -2.41445                    1.62999              1.60588          -3.13731    
     294000              0.01537                  0.02105                  -0.10742                 1.75499                  0.11014                    -0.10742                    1.63999              1.63901          -3.14244    
     295000              0.03065                  0.02679                  0.75330                  -0.10339                 -1.01548                   0.75330                     1.64999              1.65755          -3.14856    
     296000              0.01020                  0.01168                  -1.60047                 -1.36938                 1.26728                    -1.60047                    1.65999              1.64409          -3.16046    
     297000              0.02071                  0.01987                  0.17589                  0.65778                  -1.31557                   0.17589                     1.66999              1.67181          -3.17201    
     298000              0.04144                  0.02405                  -0.19770                 -0.95914                 0.80100                    -0.19770                    1.67999              1.67806          -3.17710    
     299000              0.01228                  0.00421                  -5.16199                 2.01540                  1.60479                    -5.16199                    1.68999              1.63857          -3.18508    
     300000              0.02923                  0.03026                  0.17028                  -0.56396                 -1.84476                   0.17028                     1.69999              1.70180          -3.19342    
     301000              0.03867                  0.01002                  0.19350                  -0.34048                 0.71084                    0.19350                     1.70999              1.71194          -3.19705    
     302000              0.02125                  0.01002                  -1.73964                 0.24098                  -1.10984                   -1.73964                    1.71999              1.70263          -3.20794    
     303000              0.02017                  0.00881                  3.60953                  -1.68660                 1.86941                    3.60953                     1.72999              1.76626          -3.21543    
     304000              0.06419                  0.01130                  -0.78089                 2.33079                  1.54222                    -0.78089                    1.73999              1.73241          -3.22070    
     305000              0.01660                  0.01100                  -3.78134                 0.24392                  -1.91456                   -3.78134                    1.74999              1.71229          -3.23020    
     306000              0.00604                  0.00467                  0.17887                  -1.02258                 0.66237                    0.17887                     1.75999              1.76182          -3.23409    
     307000              0.03190                  0.01174                  -1.29814                 0.95602                  -0.64879                   -1.29814                    1.76999              1.75705          -3.23665    
     308000              0.03196                  0.02603                  -1.53002                 -0.82217                 -0.23761                   -1.53002                    1.77999              1.76471          -3.24534    
     309000              0.00723                  0.00707                  2.33840                  -1.04785                 3.10070                    2.33840                     1.78999              1.81367          -3.25286    
     310000              0.03780                  0.02086                  0.57479                  2.99774                  -3.22467                   0.57479                     1.79999              1.80627          -3.25637    
     311000              0.03615                  0.04665                  -2.78214                 -0.47079                 -1.70434                   -2.78214                    1.80999              1.78226          -3.26255    
     312000              0.00382                  0.00845                  -0.18195                 -0.55079                 2.83155                    -0.18195                    1.81999              1.81840          -3.26730    
     313000              0.01813                  0.01124                  -1.92792                 -0.48703                 -1.88018                   -1.92792                    1.82999              1.81082          -3.26925    
     314000              0.05370                  0.03173                  -1.12939                 -0.30323                 2.56194                    -1.12939                    1.83999              1.82888          -3.27652    
     315000              0.03029                  0.00687                  3.92614                  2.51108                  1.70010                    3.92614                     1.84999              1.88949          -3.28122    
     316000              0.02745                  0.01360                  -0.94449                 -1.68146                 -3.98839                   -0.94449                    1.85999              1.85105          -3.28497    
     317000              0.04047                  0.02388                  -1.49073                 -0.28274                 0.74290                    -1.49073                    1.86999              1.85510          -3.29191    
     318000              0.02668                  0.01197                  0.72694                  0.60096                  -0.36022                   0.72694                     1.87999              1.88727          -3.29295    
     319000              0.00934                  0.00927                  -4.32561                 -1.56755                 1.61401                    -4.32561                    1.88999              1.84687          -3.29638    
     320000              0.04450                  0.04145                  1.19959                  2.57004                  0.98779                    1.19959                     1.89999              1.91218          -3.30192    
     321000              0.04532                  0.01631                  2.71114                  -0.79490                 -2.57337                   2.71114                     1.90999              1.93729          -3.30377    
     322000              0.00863                  0.01842                  -1.68368                 -1.02746                 0.51456                    -1.68368                    1.91999              1.90319          -3.31006    
     323000              0.03520                  0.01330                  2.14491                  0.07132                  -1.65473                   2.14491                     1.92999              1.95151          -3.31232    
     324000              0.02221                  0.02427                  -1.56307                 -1.84310                 0.53964                    -1.56307                    1.93999              1.92446          -3.31647    
     325000              0.03420                  0.01279                  1.47857                  0.80486                  -1.11513                   1.47857                     1.94999              1.96482          -3.31973    
     326000              0.02276                  0.01215                  -1.10989                 -4.44504                 0.87654                    -1.10989                    1.95999              1.94942          -3.32187    
     327000              0.02895                  0.02442                  0.42468                  0.62570                  -0.61258                   0.42468                     1.96999              1.97426          -3.32716    
     328000              0.04596                  0.02229                  0.73889                  -4.07733                 0.50638                    0.73889                     1.97999              1.98780          -3.32778    
     329000              0.01872                  0.02348                  -2.50401                 0.42919                  1.37504                    -2.50401                    1.98999              1.96500          -3.33322    
     330000              0.04206                  0.02688                  0.59596                  -1.92851                 0.48131                    0.59596                     1.99999              2.00605          -3.33366    
     331000              0.03310                  0.02189                  -1.85151                 0.64273                  0.78139                    -1.85151                    2.00999              1.99150          -3.33735    
     332000              0.03061                  0.01496                  1.11851                  -1.95207                 0.55381                    1.11851                     2.01999              2.03128          -3.33977    
     333000              0.02792                  0.04246                  -2.36426                 0.59161                  1.28753                    -2.36426                    2.02999              2.00640          -3.34185    
     334000              0.02677                  0.02174                  0.48831                  -0.36901                 -0.27005                   0.48831                     2.03999              2.04488          -3.34591    
     335000              0.03288                  0.03900                  -1.56350                 -0.76002                 2.58354                    -1.56350                    2.04999              2.03453          -3.34498    
     336000              0.02583                  0.01916                  -1.05174                 1.13187                  -1.08619                   -1.05174                    2.05999              2.04953          -3.35000    
     337000              0.02615                  0.01323                  0.11902                  -1.01593                 1.67720                    0.11902                     2.06999              2.07127          -3.35039    
     338000              0.03767                  0.04280                  -2.77590                 1.43738                  0.47566                    -2.77590                    2.07999              2.05229          -3.35180    
     339000              0.02192                  0.02524                  -0.62531                 1.54272                  -4.52745                   -0.62531                    2.08999              2.08429          -3.35545    
     340000              0.01982                  0.03020                  1.57918                  -1.18743                 0.67105                    1.57918                     2.09999              2.11583          -3.35531    
     341000              0.02272                  0.03189                  -0.21847                 -0.07660                 1.27810                    -0.21847                    2.10999              2.10784          -3.35757    
     342000              0.02105                  0.02221                  -0.68979                 0.31668                  -0.50381                   -0.68979                    2.11999              2.11310          -3.36354    
     343000              0.00703                  0.01383                  2.19429                  -1.38281                 0.93513                    2.19429                     2.12999              2.15200          -3.36441    
     344000              0.03614                  0.03751                  -1.80151                 1.15657                  1.91318                    -1.80151                    2.13999              2.12209          -3.36281    
     345000              0.01386                  0.02035                  -3.80291                 1.69204                  -2.91546                   -3.80291                    2.14999              2.11223          -3.36571    
     346000              0.05788                  0.04255                  1.82104                  -1.76197                 -2.61211                   1.82104                     2.15999              2.17843          -3.36871    
     347000              0.00946                  0.00570                  3.82314                  -1.97232                 1.70223                    3.82314                     2.16999              2.20838          -3.37216    
     348000              0.03508                  0.01613                  0.27655                  0.00251                  0.85933                    0.27655                     2.17999              2.18277          -3.36950    
     349000              0.01039                  0.03526                  -2.04652                 0.92096                  -0.77902                   -2.04652                    2.18999              2.16956          -3.36936    
     350000              0.01047                  0.01864                  -0.44028                 -0.86237                 -2.04059                   -0.44028                    2.19999              2.19570          -3.37467    
     351000              0.02503                  0.02133                  -0.67676                 -0.21117                 -0.86939                   -0.67676                    2.20999              2.20324          -3.37978    
     352000              0.02582                  0.04953                  0.86766                  -1.59954                 -0.94313                   0.86766                     2.21999              2.22874          -3.37696    
     353000              0.01270                  0.02915                  4.50115                  -0.59230                 3.56840                    4.50115                     2.22999              2.27529          -3.37872    
     354000              0.01994                  0.03636                  -0.49301                 3.47316                  3.05334                    -0.49301                    2.23999              2.23554          -3.37965    
     355000              0.02994                  0.06429                  -1.85798                 -0.61470                 -1.90137                   -1.85798                    2.24999              2.23150          -3.38122    
     356000              0.01636                  0.03156                  2.19170                  -3.75508                 -0.91183                   2.19170                     2.25999              2.28223          -3.38534    
     357000              0.00361                  0.00561                  0.97618                  -0.81006                 0.28735                    0.97618                     2.26999              2.27977          -3.38623    
     358000              0.01925                  0.01837                  1.84689                  -2.04048                 0.24060                    1.84689                     2.27999              2.29855          -3.38299    
     359000              0.01943                  0.04205                  -0.13500                 0.98620                  0.45419                    -0.13500                    2.28999              2.28867          -3.38465    
     360000              0.02140                  0.00483                  -2.41682                 0.63229                  -1.30640                   -2.41682                    2.29999              2.27587          -3.38932    
     361000              0.02983                  0.02178                  -2.16274                 -3.39596                 -2.82256                   -2.16274                    2.30999              2.28879          -3.39038    
     362000              0.04457                  0.05513                  2.79276                  -2.05546                 1.23384                    2.79276                     2.31999              2.34804          -3.38914    
     363000              0.00617                  0.01270                  2.77133                  4.27575                  3.20307                    2.77133                     2.32999              2.35831          -3.39040    
     364000              0.04374                  0.04516                  -2.38211                 2.62152                  -0.83924                   -2.38211                    2.33999              2.31633          -3.39136    
     365000              0.03709                  0.04107                  -0.66981                 -5.15617                 -1.47647                   -0.66981                    2.34999              2.34391          -3.39248    
     366000              0.01760                  0.01376                  3.06542                  -3.41005                 1.58237                    3.06542                     2.35999              2.39094          -3.39520    
     367000              0.02639                  0.04029                  0.71554                  0.70479                  0.63621                    0.71554                     2.36999              2.37716          -3.39450    
     368000              0.00746                  0.02699                  -2.69158                 2.06287                  -1.56857                   -2.69158                    2.37999              2.35322          -3.39253    
     369000              0.01297                  0.03237                  -1.54836                 -1.45952                 -1.04124                   -1.54836                    2.38999              2.37457          -3.39551    
     370000              0.02679                  0.02723                  1.17210                  -1.14978                 0.86220                    1.17210                     2.39999              2.41175          -3.40099    
     371000              0.01082                  0.00742                  0.89914                  -0.49851                 0.67398                    0.89914                     2.40999              2.41900          -3.39897    
     372000              0.02152                  0.01398                  1.74319                  0.47941                  1.15242                    1.74319                     2.41999              2.43745          -3.39584    
     373000              0.02468                  0.02298                  -0.84633                 -0.40151                 -0.47860                   -0.84633                    2.42999              2.42153          -3.39835    
     374000              0.00968                  0.00175                  -1.97025                 -0.90502                 -1.04323                   -1.97025                    2.43999              2.42033          -3.40317    
     375000              0.04263                  0.02395                  -0.79227                 -3.59738                 0.25291                    -0.79227                    2.44999              2.44233          -3.40265    
     376000              0.03880                  0.03875                  2.21958                  1.34998                  1.16415                    2.21958                     2.45999              2.48225          -3.40141    
     377000              0.00599                  0.01101                  -1.11492                 4.69474                  -2.03446                   -1.11492                    2.46999              2.45937          -3.40281    
     378000              0.04717                  0.04319                  -3.40004                 -0.70486                 -1.95871                   -3.40004                    2.47999              2.44608          -3.40436    
     379000              0.04144                  0.03741                  1.28990                  -4.21647                 2.28820                    1.28990                     2.48999              2.50335          -3.40456    
     380000              0.01552                  0.01734                  4.16947                  0.51155                  2.71218                    4.16947                     2.49999              2.54183          -3.40625    
     381000              0.03377                  0.05274                  -0.23877                 1.86964                  -0.83405                   -0.23877                    2.50999              2.50769          -3.40426    
     382000              0.02385                  0.02313                  -3.87740                 -3.31264                 -1.17159                   -3.87740                    2.51999              2.48146          -3.40397    
     383000              0.01389                  0.02275                  -0.12607                 -2.13961                 0.89102                    -0.12607                    2.52999              2.52884          -3.40710    
     384000              0.02881                  0.01105                  -1.14965                 -1.66403                 0.06743                    -1.14965                    2.53999              2.52855          -3.41010    
     385000              0.04681                  0.03043                  1.14014                  -0.23318                 0.97915                    1.14014                     2.54999              2.56141          -3.40650    
     386000              0.03285                  0.01048                  -0.24706                 2.58827                  -1.65925                   -0.24706                    2.55999              2.55770          -3.40720    
     387000              0.01894                  0.01364                  -4.60403                 -0.09146                 -3.44210                   -4.60403                    2.56999              2.52418          -3.41020    
     388000              0.06717                  0.04129                  -1.92269                 -3.36223                 0.82163                    -1.92269                    2.57999              2.56100          -3.40876    
     389000              0.02629                  0.01720                  2.92927                  -1.21186                 3.29632                    2.92927                     2.58999              2.61952          -3.41219    
     390000              0.02152                  0.00449                  1.77208                  1.38311                  0.40883                    1.77208                     2.59999              2.61775          -3.41117    
     391000              0.03664                  0.02486                  -0.17282                 0.72557                  -0.64010                   -0.17282                    2.60999              2.60828          -3.40856    
     392000              0.03176                  0.01916                  -0.48955                 -0.43420                 -0.03414                   -0.48955                    2.61999              2.61510          -3.41061    
     393000              0.03046                  0.03515                  -2.65862                 -1.86417                 -0.48068                   -2.65862                    2.62999              2.60348          -3.41371    
     394000              0.00358                  0.01551                  0.39939                  -4.40024                 4.49045                    0.39939                     2.63999              2.64473          -3.41311    
     395000              0.04214                  0.02965                  3.22813                  1.44721                  1.43980                    3.22813                     2.64999              2.68235          -3.41390    
     396000              0.03116                  0.06033                  -1.10824                 0.92039                  -1.85261                   -1.10824                    2.65999              2.64899          -3.41240    
     397000              0.02503                  0.01454                  -1.80987                 -1.45348                 -0.00806                   -1.80987                    2.66999              2.65193          -3.41092    
     398000              0.01489                  0.02102                  -1.78628                 -1.08325                 -0.36103                   -1.78628                    2.67999              2.66215          -3.41654    
     399000              0.00188                  0.02087                  -0.38150                 -3.03400                 3.10447                    -0.38150                    2.68999              2.68653          -3.41622    
     400000              0.05425                  0.03098                  2.90216                  1.18354                  1.36594                    2.90216                     2.69999              2.72907          -3.41414    
     401000              0.05177                  0.04088                  -1.67901                 2.09782                  -4.22830                   -1.67901                    2.70999              2.69361          -3.41630    
     402000              0.00729                  0.00545                  -4.77562                 -2.64568                 -1.06955                   -4.77562                    2.71999              2.67239          -3.41481    
     403000              0.02961                  0.01420                  -0.46023                 -1.30352                 1.28534                    -0.46023                    2.72999              2.72545          -3.41844    
     404000              0.04070                  0.01987                  0.59374                  0.39201                  0.13539                    0.59374                     2.73999              2.74593          -3.41858    
     405000              0.02105                  0.01597                  -0.69845                 0.43361                  -1.33252                   -0.69845                    2.74999              2.74304          -3.41518    
     406000              0.01040                  0.00741                  -0.96824                 0.88954                  -2.21804                   -0.96824                    2.75999              2.75041          -3.41843    
     407000              0.03758                  0.02094                  -3.34022                 -1.66598                 -1.03319                   -3.34022                    2.76999              2.73666          -3.42190    
     408000              0.01752                  0.06035                  1.14496                  -0.33645                 1.77764                    1.14496                     2.77999              2.79150          -3.41923    
     409000              0.02214                  0.02125                  2.99538                  3.68534                  -2.67309                   2.99538                     2.78999              2.82031          -3.41814    
     410000              0.02804                  0.02160                  -2.86903                 1.18734                  -4.93691                   -2.86903                    2.79999              2.77176          -3.41868    
     411000              0.02385                  0.04348                  -1.19305                 -0.89679                 0.21523                    -1.19305                    2.80999              2.79807          -3.41895    
     412000              0.03222                  0.02411                  1.00455                  0.03786                  1.19607                    1.00455                     2.81999              2.83006          -3.42363    
     413000              0.00903                  0.00992                  1.18022                  1.04280                  -0.46829                   1.18022                     2.82999              2.84182          -3.42040    
     414000              0.00999                  0.00411                  2.18346                  2.28760                  -1.46647                   2.18346                     2.83999              2.86195          -3.41754    
     415000              0.04486                  0.03069                  -1.35995                 1.60560                  -4.62486                   -1.35995                    2.84999              2.83681          -3.42040    
     416000              0.04952                  0.05296                  -1.67215                 -1.70456                 1.19808                    -1.67215                    2.85999              2.84334          -3.42037    
     417000              0.03526                  0.01248                  4.08906                  1.08189                  3.27471                    4.08906                     2.86999              2.91108          -3.42226    
     418000              0.02633                  0.01183                  2.26949                  2.52922                  -2.05878                   2.26949                     2.87999              2.90287          -3.42181    
     419000              0.02362                  0.03268                  -0.16364                 0.29098                  -0.72656                   -0.16364                    2.88999              2.88836          -3.41793    
     420000              0.01920                  0.02507                  -0.90904                 -0.91234                 0.68233                    -0.90904                    2.89999              2.89092          -3.41977    
     421000              0.00388                  0.00496                  -0.08103                 -0.64568                 1.37940                    -0.08103                    2.90999              2.90922          -3.42294    
     422000              0.01521                  0.02442                  0.80111                  -0.41889                 2.22226                    0.80111                     2.91999              2.92809          -3.42057    
     423000              0.03138                  0.04667                  1.42623                  1.12523                  -0.48716                   1.42623                     2.92999              2.94428          -3.41966    
     424000              0.02174                  0.01210                  -1.91944                 0.22776                  -3.84476                   -1.91944                    2.93999              2.92105          -3.42226    
     425000              0.03276                  0.03555                  -3.26689                 -2.34776                 0.57528                    -3.26689                    2.94999              2.91742          -3.42440    
     426000              0.04692                  0.03454                  1.95051                  0.32617                  2.69132                    1.95051                     2.95999              2.97962          -3.42195    
     427000              0.01426                  0.00507                  5.16483                  3.63439                  -0.80652                   5.16483                     2.96999              3.02187          -3.42211    
     428000              0.03274                  0.05683                  -0.62226                 0.60022                  -3.00358                   -0.62226                    2.97999              2.97393          -3.42219    
     429000              0.03979                  0.02778                  -3.04973                 -2.96873                 3.06372                    -3.04973                    2.98999              2.95980          -3.42310    
     430000              0.02606                  0.01718                  1.74552                  -0.37989                 5.17232                    1.74552                     2.99999              3.01789          -3.42387    
